2.7383600256997427e-09 9.19403885537575e-08 2.397110519550889e-05 0.5217734694660672 0.47820246474998884 
2.1721183236356963e-09 7.404943482411373e-08 2.0335486238076906e-05 0.5225578181434919 0.47742177014871684 
1.7436598000117293e-09 5.983048085305978e-08 1.7083133154641487e-05 0.5227848858216488 0.47719796947105614 
1.5580810445111434e-09 5.332187574660177e-08 1.5605784808770577e-05 0.5221309847548722 0.4778533545803623 
1.432283053447553e-09 4.881146813351183e-08 1.4603868043489592e-05 0.5234962295739705 0.47648911631423513 
1.4350828854192442e-09 4.84789290683168e-08 1.4501261521245247e-05 0.5293330351434078 0.47065241368105903 
1.5504603900041424e-09 5.18833705087425e-08 1.544127151772608e-05 0.5334458216306031 0.4665386836640484 
1.6102340693679935e-09 5.354647269309777e-08 1.6184260988182874e-05 0.5336142892838397 0.4663694712984655 
1.5340800488830609e-09 5.0962146101367785e-08 1.5897372302867023e-05 0.5333894651157196 0.46659458501575135 
1.4170878500486354e-09 4.7031686320577466e-08 1.495823947241581e-05 0.530787949520132 0.4691970437916216 
1.4691751833101515e-09 4.848811506932035e-08 1.5270149595118754e-05 0.5253166080336358 0.47466807185947874 
1.6458282936187116e-09 5.4252979601366095e-08 1.698219050874555e-05 0.521243919083375 0.47873904282730867 
1.78686018819016e-09 5.8690077374677295e-08 1.8226794872418636e-05 0.5220552684406575 0.4779264442875327 
2.066888788657034e-09 6.680343012518254e-08 1.9834823571063028e-05 0.5247296932755324 0.47525040303057775 
2.6198148770689443e-09 8.408194603943302e-08 2.3639988818412935e-05 0.5239570283571036 0.4760192449523171 
2.938525395801891e-09 9.587487404556034e-08 2.624949737177309e-05 0.5205601280989456 0.47941352359028316 
2.735522121500077e-09 9.157925773485267e-08 2.4662686457587563e-05 0.5177089320948743 0.4822663109038881 
2.50936459217485e-09 8.50017911447043e-08 2.2350571669577752e-05 0.5171826976727569 0.4827948642444178 
2.6216086728940242e-09 8.799184345053056e-08 2.249222632376266e-05 0.5188038785572099 0.48117353860301415 
2.8785271722957376e-09 9.589761960274093e-08 2.428519437940928e-05 0.5205910728710027 0.47938454315847123 
3.873758574992977e-09 1.4218889444190512e-07 4.7567992716554685e-05 0.557545763743384 0.44240652220124654 
2.7518541169996e-09 1.034757870052264e-07 3.7470254953941265e-05 0.561792203386777 0.43817022013062823 
2.0333028716868485e-09 7.705358121414962e-08 2.9448018276651727e-05 0.5637323527437683 0.43623812015107105 
1.7609016938846385e-09 6.67041217324735e-08 2.653321098888314e-05 0.5618202082657984 0.43815319005818937 
1.6089663639640869e-09 6.076324407246061e-08 2.503907595631351e-05 0.566485545947576 0.4334893526042571 
1.6176236186680457e-09 6.009178818853186e-08 2.4509680129359494e-05 0.5767861003417818 0.4231893282686772 
1.7407126418105022e-09 6.369401101336471e-08 2.5540036284800918e-05 0.5799593849888994 0.4200150095400923 
1.7822157860408722e-09 6.485528448985656e-08 2.649683928726062e-05 0.5792104180116345 0.420763018511578 
1.658621556763234e-09 6.05806674257131e-08 2.5987743328895388e-05 0.5782423940577877 0.4217315559595945 
1.5561112271746466e-09 5.6751804737058016e-08 2.5025274055262992e-05 0.5729367388678896 0.42703817755013923 
1.7150788932987593e-09 6.191418852372215e-08 2.6707201349403957e-05 0.5640808184979866 0.4358924106713965 
1.960442478347666e-09 7.064207876401511e-08 3.0074535680266018e-05 0.5602646780642144 0.4397051747975842 
2.188999935363563e-09 7.799253034026108e-08 3.2329901868319874e-05 0.5647049190599487 0.4352626708566529 
2.8682318375128036e-09 9.930034592388962e-08 3.768886443887117e-05 0.5658672351112123 0.43409497385577106 
4.018468409525548e-09 1.3847873801419686e-07 4.8892399239431586e-05 0.5591265122301321 0.44082445287342203 
4.478561900440572e-09 1.5805189745965224e-07 5.4559438351071164e-05 0.5524354047237975 0.44750987330739206 
3.997107210825352e-09 1.450853642994742e-07 4.920150167834028e-05 0.5514759733373623 0.44847467607848795 
3.6315051072783015e-09 1.326838870766808e-07 4.342813596876216e-05 0.5549379039812107 0.44501853156742843 
3.92249953475952e-09 1.415009994564819e-07 4.473060487910449e-05 0.5569394341458951 0.4430156898257268 
4.349560018587917e-09 1.5669522739993583e-07 4.9648846856123966e-05 0.5562422152205085 0.44370797488784797 
6.3252625898639105e-09 2.610539402824337e-07 0.00012116839362685602 0.6385719031339494 0.36130666109322096 
4.1682486153455225e-09 1.7804634085991533e-07 9.231553710314337e-05 0.6493930967643097 0.35051440548399776 
2.8833062062960117e-09 1.253059009337645e-07 7.081029471104014e-05 0.6509285668897427 0.34900049462633925 
2.5080198641620726e-09 1.0946707009046239e-07 6.547282760155607e-05 0.6482987831600083 0.35163563203730014 
2.2894575753485137e-09 1.000137500290437e-07 6.294621399771902e-05 0.6583196111626912 0.34161734032010344 
2.2116109889517658e-09 9.507722763086531e-08 5.978436644885109e-05 0.6688867759503143 0.3310533423943982 
2.328754646419728e-09 9.830047164506476e-08 6.0267531686407355e-05 0.6689767195077364 0.33096291233135083 
2.374471749582404e-09 9.958090416604967e-08 6.186980739876429e-05 0.6676285250519747 0.33230950318525077 
2.2382572886388807e-09 9.431771750205308e-08 6.19417441518458e-05 0.6666096650312492 0.3333282966686241 
2.1756667057518694e-09 9.143960573322936e-08 6.198900073350644e-05 0.6595827128404264 0.34035520454356766 
2.4565651868607075e-09 1.0201375537868654e-07 6.742132513455337e-05 0.6487056974815956 0.3512267767229495 
2.805308383115841e-09 1.1599098077677081e-07 7.508322112641933e-05 0.6486183494533707 0.3513064485292137 
3.2540424531443067e-09 1.3123317096457944e-07 8.02499657101834e-05 0.654358310375003 0.3455613051720734 
4.737803545373809e-09 1.8252069134831486e-07 9.707024074854514e-05 0.6477351161734913 0.3521676263272652 
6.965355430372842e-09 2.6636537959745007e-07 0.00012886837205178527 0.6337780543629152 0.3660928039342978 
7.647135399937325e-09 3.002031434166134e-07 0.0001418951413993756 0.6289186980867816 0.3709390989215402 
6.610785713886992e-09 2.677225046610831e-07 0.00012511007818625524 0.6365264565638409 0.3633481590246826 
5.960986967509154e-09 2.4306640584746075e-07 0.00010975429012856107 0.6433091967649313 0.35658079991754754 
6.6280423693197165e-09 2.66433815426819e-07 0.00011520935160791039 0.639040615827171 0.36084390175936354 
7.389477988086883e-09 2.973680599837034e-07 0.0001287289731776828 0.6334443685571481 0.36642659771213637 
1.010042456432716e-08 4.69149851604833e-07 0.00030721645671103923 0.7562612778032544 0.2434310264897583 
6.379412652669345e-09 3.0936078241569803e-07 0.00023299957662276804 0.7688747802386222 0.23089190444456 
4.3789208258015925e-09 2.174622353341806e-07 0.00018257172550274636 0.7679010482438767 0.23191615818946446 
3.913446453253137e-09 1.9546065858367803e-07 0.00017466508722537803 0.768082073738264 0.23174306180040558 
3.555347363928741e-09 1.7838604790413798e-07 0.00016946594987288322 0.7790026681648606 0.2208276839438713 
3.34656325438789e-09 1.657333157511543e-07 0.00015888957698893024 0.7842400387249598 0.21560090261817227 
3.4654974823766214e-09 1.6834191792441314e-07 0.0001571825236899102 0.7821230323532093 0.2177196133156855 
3.52362580414933e-09 1.6980799749598474e-07 0.00016040920739911907 0.7820845060149055 0.2177549114460721 
3.382614686304902e-09 1.6362298809404002e-07 0.00016360081961953567 0.7820499686718925 0.21778626350288546 
3.3901378224682443e-09 1.6329915494858475e-07 0.0001681998196680426 0.7741347183085145 0.22569691518252458 
3.8720963791837476e-09 1.841971515460496e-07 0.00018439682612739775 0.7658464561694639 0.23396895893516076 
4.36036217975232e-09 2.0604745833947907e-07 0.00020117182297921328 0.7697751506657405 0.23002346710345972 
5.183823316820109e-09 2.3590207433556996e-07 0.0002122553143308256 0.7710035071064346 0.22878399649333692 
7.967695008444706e-09 3.4250323300734635e-07 0.0002581969839335856 0.7570678452043303 0.24267360734080803 
1.1724234208648908e-08 5.004231201460982e-07 0.00033835978606268835 0.7434974556082565 0.25616367245832644 
1.251232460094064e-08 5.505924584805276e-07 0.0003646579783955444 0.7471784666796929 0.2524563122371285 
1.0573262685152962e-08 4.821810315319618e-07 0.00031812676810396597 0.7606381647625536 0.23904321571504816 
9.645031810371543e-09 4.4227203787905887e-07 0.0002811439933168802 0.7618830388744103 0.23783536521520315 
1.1000046511665717e-08 4.951696342773887e-07 0.00029807319687132316 0.7501763700811491 0.24952505055229895 
1.2195654325866657e-08 5.497590776565259e-07 0.00033083055479705503 0.745179399687429 0.254489207803042 
1.4809611602175897e-08 7.795205678784308e-07 0.0007527094306403762 0.8711346743580286 0.12811182188115164 
9.198259014699776e-09 5.089154821124247e-07 0.000580796996288828 0.8798066477110145 0.1196120371789556 
6.433871633827294e-09 3.6482893923964614e-07 0.0004693587661195195 0.8788013486228359 0.12072892134823374 
5.856308871845747e-09 3.3369685062601784e-07 0.00045765825323783603 0.8810481694148271 0.11849383277877555 
5.289749179810146e-09 3.034099606491159e-07 0.0004467431864510468 0.8873926581641136 0.11216028994972554 
4.927991198790768e-09 2.7942799872971036e-07 0.00041851332717688966 0.8883862010351422 0.11119500128169112 
5.053878193605105e-09 2.811183999403558e-07 0.00041019060404899626 0.8874421686627967 0.11214735456087625 
5.138649209381818e-09 2.8341489311900695e-07 0.00041760894480255 0.8888640129603168 0.11071808954133826 
5.003411420604133e-09 2.7655087108619885e-07 0.0004311357242119402 0.8880916082183039 0.11147697450320163 
5.129286248009926e-09 2.815183774655805e-07 0.00045073704164513763 0.8816480695230117 0.11790090678767962 
5.853269921065966e-09 3.1730990784916144e-07 0.0004933039974188453 0.8785812366253049 0.1209251362140988 
6.477436567307625e-09 3.4872463226711537e-07 0.0005290378689102685 0.8822409511026827 0.11722965582633814 
7.864764550093637e-09 4.037786249369124e-07 0.0005532631611946204 0.8783838184296101 0.12106250676580588 
1.2402258901669711e-08 5.976456269431241e-07 0.0006656818782409306 0.864888747353111 0.1344449607207623 
1.796970418836408e-08 8.620884877381617e-07 0.0008517905685758004 0.8576668643557355 0.14148046501749675 
1.8684591120658828e-08 9.289116880744348e-07 0.000901222122482414 0.8653750248113511 0.13372280546988743 
1.5628579473673988e-08 8.077061601648948e-07 0.0007834276351482655 0.8738619229053551 0.12535382612475712 
1.4494925470424335e-08 7.5077793746024e-07 0.0006971183330914125 0.8693705313897626 0.1299315850042831 
1.676826616195993e-08 8.494580457677715e-07 0.0007385977168391622 0.8596190061645256 0.1396415298923234 
1.8361942255928776e-08 9.327370335187501e-07 0.0008119110460674467 0.8593471607819908 0.1398399770729661 
2.0574217399948016e-08 1.2489996751167222e-06 0.00198134648430393 0.9445903476365529 0.05342703630525064 
1.2777902889279037e-08 8.202656911360452e-07 0.0015917379407848103 0.9495859004973074 0.04882152851831397 
9.037724517477553e-09 5.937227077427123e-07 0.0013097652393000067 0.9498843472101912 0.04880528479007654 
8.255092174934467e-09 5.443774743477975e-07 0.0012814252166959755 0.9516781240458914 0.0470398981048462 
7.435905820101982e-09 4.946087488018329e-07 0.00127023938769335 0.9543247941891202 0.044404464378531835 
6.899569973490479e-09 4.539221824062849e-07 0.0012004105604058889 0.95488533997068 0.04391378864716158 
7.048572811857936e-09 4.545535317529489e-07 0.0011665836627911912 0.9553898792362131 0.04344307549889113 
7.178102999316904e-09 4.5860148160640694e-07 0.0011784459846668994 0.9560763401947261 0.04274474804102237 
7.0474439652286766e-09 4.5062521593937983e-07 0.0012261401446739832 0.9546254974644929 0.04414790471817335 
7.295565582812411e-09 4.622592003357431e-07 0.0012992731360689175 0.9514258747952371 0.047274382513928 
8.268273300575682e-09 5.177879343963126e-07 0.0014165853311853816 0.950874450695504 0.04770843791710314 
9.084346683322588e-09 5.64986566905984e-07 0.0015056476056900061 0.9516334711056739 0.04686030721772243 
1.1207230782469745e-08 6.590636435781816e-07 0.001555935640580142 0.9469047660537385 0.0515386280348069 
1.7800878007739233e-08 9.768369263397782e-07 0.0018121198570303586 0.938335921731111 0.0598509637740543 
2.5453959686717696e-08 1.3942982137191897e-06 0.0022570567076212085 0.9352965592270248 0.062444964313180626 
2.614575609367841e-08 1.4923790966485014e-06 0.0023801514307380434 0.9399030195095059 0.05771531053490325 
2.1835901823308116e-08 1.298876852461105e-06 0.0020680933428044437 0.9430020968496926 0.05492848909474875 
2.0407442971241194e-08 1.2108860777673396e-06 0.0018042503587311735 0.9400184621878499 0.05817605615989822 
2.3680677841887932e-08 1.3688514043031506e-06 0.0018741680986208106 0.9354245314065969 0.06269990796270036 
2.5740336920488616e-08 1.4968754420535707e-06 0.0020718763872208472 0.9367753619643097 0.06115123903269073 
2.8553121329097827e-08 2.0485460877064386e-06 0.0057068823630455285 0.9747237885059151 0.01956725203183034 
1.7764343398919262e-08 1.3535301988272358e-06 0.004672110725942138 0.9781350248079042 0.017191493171611526 
1.2551595254827942e-08 9.766174948924668e-07 0.003905016901450981 0.9793202500878868 0.016773743841572177 
1.1468446202301022e-08 8.952185651732908e-07 0.0039212536803724185 0.9803075834041084 0.015770256228507928 
1.0325268087451785e-08 8.14324101690308e-07 0.004042255554490916 0.9814588272607636 0.014498092535375756 
9.553245499709342e-09 7.449943404501969e-07 0.003923998402563411 0.9821891413915734 0.013886105658277336 
9.74479100831159e-09 7.438034938707092e-07 0.0038081187371055785 0.9826623922931217 0.013528735421487815 
9.919394339927764e-09 7.488383294294756e-07 0.0038034666983029312 0.9825803283531015 0.013615446190871874 
9.737607452991896e-09 7.337973920170343e-07 0.003920909780778585 0.9816397024624732 0.014438644221748757 
1.0067053481477026e-08 7.497031335947236e-07 0.0041087823681371935 0.980275623255545 0.015614834606130642 
1.137258061007163e-08 8.367445764673296e-07 0.004420928278990577 0.9795080192589556 0.016070204344896696 
1.2495900508269784e-08 9.132054718085602e-07 0.004649327151026156 0.9787710865953423 0.016578660552259095 
1.5514629646638903e-08 1.0670901510072272e-06 0.004739209822051613 0.97579094611919 0.01946876145397773 
2.469431149119832e-08 1.5790088645691191e-06 0.005404533953662859 0.9710582641795557 0.023535598163605363 
3.525605215765832e-08 2.2570759006867665e-06 0.00662201745616043 0.9687360098961904 0.024639680315696338 
3.616989910653412e-08 2.424070544456718e-06 0.006874598591014868 0.9705086698919314 0.022614271276610143 
3.00507851062295e-08 2.098912021360147e-06 0.00581605185470056 0.9728226323602044 0.021359186822288545 
2.7914936261181016e-08 1.9357939830748104e-06 0.0049902300809832835 0.9723169066700268 0.02269089954007061 
3.251714647685921e-08 2.193723119388837e-06 0.005226553200748346 0.9700003058963781 0.024770914662607793 
3.5569240990940274e-08 2.4262825551013503e-06 0.005858159300812223 0.9705216987290843 0.02361768011830729 
4.000269192044279e-08 3.460828630292836e-06 0.015952130662287834 0.9771009739062312 0.006943394600158889 
2.4851442959624862e-08 2.2888916432248124e-06 0.013370704704548616 0.9807550733593149 0.005871908193050469 
1.7578502764171944e-08 1.6538731014035304e-06 0.011764101503043009 0.9826625943222884 0.00557163272306451 
1.6035929542846296e-08 1.512573757293274e-06 0.012404828379258635 0.9825267953690938 0.005066847641960782 
1.4338539548101344e-08 1.3641320152834276e-06 0.013228485268856933 0.9823007617836222 0.004469374476965912 
1.3209928373913117e-08 1.2391182344301858e-06 0.013049689007775167 0.9827839333900388 0.004165125274023323 
1.3423984107577088e-08 1.2288859262212564e-06 0.012618027410211029 0.9832933180590919 0.004087412220786799 
1.3477580475314527e-08 1.2138890841609406e-06 0.012324957406455068 0.9834713133842803 0.004202501842600131 
1.2972979240010992e-08 1.1581351345830134e-06 0.012246785194807713 0.9832270873643643 0.004524956332714199 
1.3317039850348936e-08 1.1689729350787596e-06 0.01248780962439709 0.9824247495005088 0.00508625858511936 
1.509648025728737e-08 1.3092612509675271e-06 0.013253049188152904 0.9812551009627234 0.0054905254913923856 
1.6701411244563916e-08 1.4432838362930252e-06 0.013777598156058314 0.9803563938600485 0.005864547998645769 
2.115741667179103e-08 1.723531588743892e-06 0.014019674632462589 0.9788037037333447 0.007174876945187275 
3.416489745767673e-08 2.591730491184562e-06 0.015933247146481998 0.9751274300502057 0.008936696907923624 
4.876668189337659e-08 3.7116434442383443e-06 0.01891688524801502 0.9717275297051711 0.009351824636687944 
4.962195261983011e-08 3.9611624661386325e-06 0.01887680431631733 0.9727117952546641 0.008407389644599882 
4.094745671331784e-08 3.419247347518439e-06 0.015961252275157645 0.9761749308223425 0.00786035670769571 
3.840721254049732e-08 3.1946021063297674e-06 0.014295209056534424 0.9771544009460278 0.008547156988118915 
4.534225141485829e-08 3.668620558386971e-06 0.015066853590861483 0.9754674410478319 0.009461991398496954 
4.9830699843412766e-08 4.08404103312842e-06 0.01650229509709844 0.9747056213949327 0.00878794963623604 
5.6178455238899374e-08 5.920522765243039e-06 0.04276697292135811 0.9548251642765877 0.002401886100833775 
3.499153716769565e-08 3.940455785833578e-06 0.03753739705427642 0.9604616662184162 0.001996961279984508 
2.4866135573936193e-08 2.8731590750248432e-06 0.035099450636236 0.9630251682974375 0.0018724830411159154 
2.230653065068735e-08 2.5779524893924867e-06 0.037516755876950705 0.960813527273646 0.0016671165903833825 
1.9477296871384385e-08 2.256762044559963e-06 0.03924031653714362 0.9593157791069052 0.0014416281166096548 
1.7728376852917433e-08 2.01475513596143e-06 0.03828569026198602 0.960369197522452 0.001343079732049228 
1.7685951600899534e-08 1.9542164102686504e-06 0.03674109962706332 0.9619318441183472 0.001325084352227711 
1.7037255485305688e-08 1.8425333556393501e-06 0.03513333803836149 0.9635077018915463 0.0013571004994810947 
1.5763024192978522e-08 1.6788462128682103e-06 0.03411764528255604 0.9644038704861777 0.0014767896220293218 
1.6103390997794304e-08 1.677424138711766e-06 0.03450222134090489 0.9637867767900601 0.0017093083415055702 
1.8493449828696308e-08 1.905295855009643e-06 0.03629253843192863 0.96184104850458 0.001864489274186621 
2.1047875284722003e-08 2.167770364394556e-06 0.03719223713229201 0.9607969775413154 0.0020085965081531247 
2.7923131843088457e-08 2.7054233092156386e-06 0.03783812691119905 0.9596178594242495 0.002541280318110357 
4.585034989612803e-08 4.1346235972019624e-06 0.04259950651903631 0.9541653007456375 0.003231012261378999 
6.467616111354404e-08 5.858091232230927e-06 0.048520041106333046 0.9481113946305347 0.003362641495738866 
6.551547004774568e-08 6.271568107113412e-06 0.047590716465145094 0.949411398872123 0.002991547579154801 
5.5851798947156184e-08 5.661032887140085e-06 0.04214849838487983 0.9550271095467607 0.0028186751836734 
5.455857042282909e-08 5.53477073241417e-06 0.039506834833449245 0.9573620304249838 0.003125545412264144 
6.45837575374364e-08 6.367029468791877e-06 0.041212824071366796 0.9553199398900943 0.0034608044253125465 
7.035497606048264e-08 7.019571330916666e-06 0.04410505436547414 0.9527522730229349 0.003135582685284091 
7.815604012678766e-08 1.0041210307153036e-05 0.10395981379428901 0.8951800223933692 0.0008500444459945316 
4.899378180626572e-08 6.772222401646644e-06 0.09481092289166335 0.9044825085178785 0.0006997473742749092 
3.492577130940537e-08 4.985632826826726e-06 0.0916631632022192 0.9076838375743077 0.0006479786648750423 
3.025544892277763e-08 4.32101492016344e-06 0.09505164348635442 0.9043762615493903 0.0005677436938862327 
2.54895493071229e-08 3.6424139349862e-06 0.0952018960422843 0.90430767067657 0.0004867653776615648 
2.27205719505182e-08 3.1776277230064173e-06 0.0920176113469724 0.9075251349794745 0.00045405332525811097 
2.1898184496248137e-08 2.980840233977705e-06 0.0884268821313885 0.9111287668043603 0.00044134832583269973 
2.0023413204063934e-08 2.6780451412711384e-06 0.08462810702933529 0.914931416060947 0.0004377788411632611 
1.7867592630600648e-08 2.3543143317519527e-06 0.08273933171595148 0.9167893273135893 0.00046896878853491824 
1.8220251012230445e-08 2.335021215172747e-06 0.0840821654942847 0.9153718735287957 0.0005436077354534868 
2.1365219695361458e-08 2.6953349974414143e-06 0.08717231963680148 0.9122285603553935 0.0005964033075879251 
2.5261470092723957e-08 3.162525064431855e-06 0.08793755421965548 0.9113992802721456 0.0006599777216644287 
3.465549200772351e-08 4.028094338793939e-06 0.09033590653369554 0.908794299791614 0.0008657309248595128 
5.693177468743952e-08 6.124788128841374e-06 0.10082347682178518 0.8980490352509883 0.0011213062073230343 
8.000249585719303e-08 8.698177549946542e-06 0.11071928405659169 0.888092252547529 0.0011796852158337287 
8.417690184748448e-08 9.797348801415695e-06 0.108485543886239 0.8904390860631698 0.0010654885248880842 
7.731363006836208e-08 9.567150591392082e-06 0.1005954474952099 0.8983707312676615 0.0010241767729070646 
7.831750354892965e-08 9.683598806518827e-06 0.09811085013774543 0.9007323752719717 0.0011470126739728719 
9.1904519512373e-08 1.104349361320842e-05 0.10239442414670318 0.8963364773833182 0.0012579630718458986 
9.871611730882969e-08 1.1990979178654675e-05 0.10726813294608635 0.8915971495876961 0.0011226277709215176 
1.0442799239185439e-07 1.6611260314151027e-05 0.20598358773010195 0.7936560853938818 0.000343611187709828 
6.624881949454118e-08 1.1458196612141476e-05 0.19322750813150524 0.8064862666248352 0.0002747007982277206 
4.7298369735331886e-08 8.509610092639285e-06 0.1890271560022637 0.8107180465496192 0.0002462405396546538 
3.9612981977076e-08 7.171541984850447e-06 0.18911141000347462 0.8106716901555936 0.00020968868596493888 
3.2445945317323513e-08 5.891821870229663e-06 0.18482545527509597 0.8149928427993026 0.00017577765778586674 
2.833883317218396e-08 5.032481730273051e-06 0.17983546700085729 0.8199986333960547 0.00016083878252464034 
2.6614760793213258e-08 4.627133868292352e-06 0.17488564966609446 0.8249605281464276 0.00014916843884909604 
2.3725007561245557e-08 4.092041862954361e-06 0.1700176262730789 0.8298394505833501 0.0001388073767005997 
2.0812265433545443e-08 3.5450211500947307e-06 0.1686258306910833 0.8312265900281117 0.00014401344738935927 
2.1043337373778504e-08 3.461393943606056e-06 0.17120096893674985 0.8286266506521728 0.00016889797379647086 
2.4899417083134362e-08 3.988694223557345e-06 0.17443606567320225 0.8253665657447977 0.00019335498835955015 
2.97262635710862e-08 4.687329981841585e-06 0.17613728965822717 0.8236343952420361 0.00022359804349128784 
4.061432636883695e-08 5.884369070092267e-06 0.1843905810586834 0.8153041792040463 0.0002993147538738321 
6.651286489743616e-08 8.8449555661945e-06 0.20181679078074127 0.797776716717444 0.0003975810333838084 
9.63987740718967e-08 1.297848236499726e-05 0.21302556355732874 0.7865211155006296 0.0004402460609024822 
1.0843914223253768e-07 1.5642520774554055e-05 0.20865818536854472 0.7908996799026194 0.00042638376891928546 
1.0535997645900188e-07 1.6062699749584526e-05 0.20197904286531776 0.7975792540001867 0.0004255350747695319 
1.0820665341027472e-07 1.642300098584601e-05 0.20321515277366894 0.7962987369219107 0.0004695790967811757 
1.2599890031600517e-07 1.857042608044201e-05 0.2095773235965509 0.7898961424192852 0.0005078375591832766 
1.3316881420931458e-07 1.9876881954980213e-05 0.21355907994002468 0.7859655806996608 0.00045532930954540453 
1.3665229237558372e-07 2.824466762155664e-05 0.3262845412336556 0.6735330549075484 0.00015402253888209815 
8.848603284091387e-08 2.013681038563696e-05 0.3141211261193357 0.6857389979969698 0.00011965058727616851 
6.293201803082239e-08 1.5044463065055485e-05 0.3087310748146166 0.691151278826141 0.00010253896415933641 
5.145626557155612e-08 1.2446697590015779e-05 0.3034867180391668 0.6964171774808549 8.360632612276693e-05 
4.135317855944343e-08 1.0038424239243752e-05 0.29685117275192785 0.7030705476533535 6.819981730093218e-05 
3.563047343781937e-08 8.44534606946465e-06 0.29278308425471794 0.7071476940197997 6.07407489394109e-05 
3.3378927186591926e-08 7.770110857056587e-06 0.2884404191141834 0.7114982675732332 5.3509822799272155e-05 
2.9798695374608556e-08 6.906603694260362e-06 0.28461134039162184 0.7153345973963608 4.712580962766058e-05 
2.5854221490187326e-08 5.914117756708431e-06 0.28437150121429794 0.7155750206621392 4.753815158487392e-05 
2.5698636494469403e-08 5.64655731006059e-06 0.2868479438788193 0.7130894644667467 5.691939848749427e-05 
3.016889396750314e-08 6.4235787456168374e-06 0.29020502101443596 0.7097205461725957 6.797906532888451e-05 
3.5819895298056424e-08 7.543400407175563e-06 0.2960893540698017 0.7038232669507664 7.979975912946788e-05 
4.8316019850615046e-08 9.359393410655721e-06 0.30990430075221287 0.6899780320393758 0.00010825949898083596 
7.950544147178235e-08 1.3889617710099434e-05 0.3271299895780382 0.6727038633532446 0.00015217794556578385 
1.19861766665916e-07 2.0881584146930692e-05 0.33373023651678263 0.6660640498659317 0.00018471217137221274 
1.4073148717960583e-07 2.6122309401291993e-05 0.33019118686199744 0.6695890652736481 0.00019348482346610052 
1.3916709851396922e-07 2.7311034081910752e-05 0.33003702865194184 0.6697393817985833 0.00019613934829433384 
1.429917721304378e-07 2.7914461833183124e-05 0.333779848742581 0.6659784797927564 0.00021361401105747665 
1.6530262678150905e-07 3.123126945923431e-05 0.3378037268427029 0.6619344930551201 0.00023038353009080076 
1.7307375747517616e-07 3.319979635635322e-05 0.3373002107325713 0.6624600792825275 0.00020633711478739748 
1.9182093470420853e-07 5.472795068073057e-05 0.44108871214584344 0.5587869829049456 6.938517759571571e-05 
1.267877176305553e-07 4.0377532628651704e-05 0.43400207288088277 0.5659049736988556 5.2449099915316023e-05 
8.861296148551374e-08 3.0002205839321518e-05 0.42874793474880635 0.5711789177276462 4.305670474687317e-05 
7.101036150274507e-08 2.450342658110294e-05 0.42120437617399153 0.5787370125720527 3.403681701313707e-05 
5.6717637404367135e-08 1.9867369627904054e-05 0.41532184795660154 0.5846308476347453 2.7380321387955903e-05 
4.871257742943288e-08 1.6798655373319664e-05 0.4129586977933082 0.5870002906876911 2.4164151050052912e-05 
4.6020292778314916e-08 1.5580761984785504e-05 0.41001811508630265 0.5899451740327015 2.108409871848597e-05 
4.144254865002282e-08 1.3990181438046116e-05 0.4077051428317192 0.592262541717704 1.8283826590109135e-05 
3.573081359208614e-08 1.1979445157764918e-05 0.4081110554620669 0.591858856320777 1.8073041184963637e-05 
3.478862176568263e-08 1.1236163801051062e-05 0.41070001329112343 0.5892671886049369 2.1527151516745123e-05 
4.0441841732030766e-08 1.2592645173378463e-05 0.41508029880213604 0.5848814757445582 2.5592366290754657e-05 
4.880164355463199e-08 1.5089770713926582e-05 0.4224713048953212 0.5774837350723847 2.9821459936610856e-05 
6.543182669090167e-08 1.8680801651842755e-05 0.43404387911968145 0.5658958372835055 4.15373633346675e-05 
1.0609070401106824e-07 2.6562050861986132e-05 0.4436986787654205 0.55621188270739 6.277038562351787e-05 
1.6263964247395777e-07 3.971834517595894e-05 0.4456607480212585 0.5542175655364184 8.18054575046733e-05 
1.9467297941406328e-07 5.058589954094762e-05 0.4470825629440546 0.5527786325950335 8.802388839165426e-05 
1.925243663369642e-07 5.282594329196858e-05 0.4525081509976974 0.5473499485419515 8.888199269275869e-05 
1.9515126627174372e-07 5.2676297328166904e-05 0.45632065878391864 0.5435294999632048 9.69698042822928e-05 
2.2291360608430967e-07 5.760927161332559e-05 0.4565267907290348 0.5433106695193957 0.00010470756635004728 
2.3564370987375236e-07 6.181435049237422e-05 0.45095103365789113 0.5488933793682256 9.353697968120384e-05 
3.0163286598048315e-07 0.0001236466294271868 0.5583834587277503 0.44146023836163584 3.235464832078972e-05 
2.0049842110999453e-07 9.273498289753667e-05 0.5572904282896665 0.44259307288900634 2.3563340008596756e-05 
1.3741477092139696e-07 6.843131345000065e-05 0.55259383070099 0.447318914467388 1.868610340129056e-05 
1.1091485124222053e-07 5.7107076735908196e-05 0.5426675068062009 0.45726072540756835 1.4549794643647566e-05 
9.107668047992625e-08 4.858142538841795e-05 0.5358913146702894 0.46404840439378015 1.1608433861795031e-05 
7.925950619509064e-08 4.224768699129298e-05 0.5337289769766691 0.4662183939795622 1.0302097271205016e-05 
7.582547004830783e-08 3.968108689728728e-05 0.5306522948783159 0.46929881580330496 9.132406011991715e-06 
6.98419277879602e-08 3.655313704923344e-05 0.5286350118709927 0.47132048775874924 7.877391281110146e-06 
6.144268504780361e-08 3.2485360226059354e-05 0.5306648754877117 0.46929500102508603 7.5766842911967e-06 
5.915034060945137e-08 3.0761245224572445e-05 0.5345791488394203 0.4653812270321437 8.80373287103209e-06 
6.856664985466873e-08 3.421272817261743e-05 0.5374496333566344 0.4625056233631144 1.0461985428787917e-05 
8.47727009312119e-08 4.144264402286884e-05 0.5426383704328197 0.4573076922351346 1.2409915321815984e-05 
1.1045223689505897e-07 4.974756908057161e-05 0.5508477334231224 0.4490845568899682 1.7851665592155527e-05 
1.7052735018278661e-07 6.646748745043008e-05 0.5548243589271993 0.44508086419223586 2.813886576431078e-05 
2.598361098163686e-07 9.73338753665594e-05 0.5558340220622037 0.4440309674388979 3.741678742209294e-05 
3.103781458650853e-07 0.00012140900722160582 0.5625455415681154 0.4372928005926087 3.993845390830395e-05 
2.996150887111333e-07 0.00012051242973880575 0.5727977698464916 0.4270415358777056 3.988223097540816e-05 
2.9337168577185264e-07 0.00011386145672258666 0.5771289864169171 0.4227131248308908 4.373392378361478e-05 
3.3181928837988054e-07 0.0001222528419382808 0.5721718370477145 0.4276575364615735 4.804182948526719e-05 
3.593109633123574e-07 0.00013438709469491602 0.5632230296139208 0.43659848715857524 4.373682184567565e-05 
4.96834665143861e-07 0.00029757864426264996 0.6912512919294351 0.3084335863020586 1.7046289578548256e-05 
3.278092667419334e-07 0.000223933927835219 0.6933226264070764 0.3064411214070401 1.199044878149591e-05 
2.2577419848379867e-07 0.0001680666653751193 0.685834528698293 0.3139878441071378 9.334754995730614e-06 
1.9009055892864575e-07 0.00014703723000913019 0.6720296437929921 0.32781580905480767 7.31983163217278e-06 
1.628611475080251e-07 0.00013114753303983061 0.6653265436816014 0.3345362706880763 5.8752361350852416e-06 
1.448605156888046e-07 0.00011695099963365364 0.6626829884221146 0.33719463835874197 5.277358994260741e-06 
1.4158931525399068e-07 0.00011178080315340917 0.657651428991143 0.34223187790051207 4.770715876317992e-06 
1.3574593435198944e-07 0.00010705597733465888 0.6559333999233226 0.34395527963554096 4.128717867377554e-06 
1.2469638659182024e-07 0.00010046501675122882 0.6600340844183538 0.33986144385462413 3.882013884272331e-06 
1.2147923516172496e-07 9.7822252147622e-05 0.6631888713936497 0.33670875987931986 4.4249956478477495e-06 
1.413158826285629e-07 0.00010861670865307733 0.6638517253651889 0.3360340863687894 5.4302414859304705e-06 
1.728693073877414e-07 0.00012805259525669387 0.6700987150022272 0.32976640128314877 6.6582500599895535e-06 
2.1408550046234956e-07 0.00014650656293326242 0.6776272069165318 0.3222165628748658 9.509560168669073e-06 
3.153754932868006e-07 0.00018867488764740643 0.6785232714425202 0.3212729007150966 1.4837579242503953e-05 
4.6993996123752863e-07 0.00026565103780882 0.6805346788066903 0.31917962767708985 1.957253844986467e-05 
5.431340766385632e-07 0.0003110572702893883 0.6918073423425516 0.3078604477923988 2.0609460683543815e-05 
4.981933231361335e-07 0.00028956923296821925 0.7044841978431606 0.29520546209399073 2.0272636557307294e-05 
4.693541827903509e-07 0.000264153762794194 0.7060507832825503 0.29366236751351477 2.222608695790432e-05 
5.319987022593678e-07 0.00028444898865434136 0.6970534446727907 0.30263659480745253 2.4979532400052707e-05 
5.870605946991984e-07 0.0003192190440531385 0.6900053285879023 0.30965164030378994 2.3225003659888953e-05 
8.041309557702137e-07 0.0007233706818550356 0.8149756082508242 0.18429048537180084 9.731564564155292e-06 
5.292167624752496e-07 0.0005527733492691116 0.8165793125816547 0.18286061634395717 6.768508356593545e-06 
3.7345609590613894e-07 0.00042800282589415875 0.8074231899396169 0.19214308879620812 5.344982184937317e-06 
3.2707301936775346e-07 0.0003869999702146325 0.7968330569472435 0.20277525860647738 4.357403045087462e-06 
2.8734873337804737e-07 0.00035313688149655174 0.7944017108961983 0.2052412646208711 3.60025270090496e-06 
2.6059555296154074e-07 0.00031979622354485663 0.7912418055552293 0.20843484466916004 3.292956512822022e-06 
2.617965632600048e-07 0.00031099196869379563 0.7853651817127888 0.21432050268766858 3.0618342854983656e-06 
2.6182742923699553e-07 0.00030801558421162116 0.7842738826012038 0.2154150952529743 2.7447341811933636e-06 
2.493400590189143e-07 0.0002995810615961678 0.787212255839652 0.21248530968711699 2.604071575842225e-06 
2.471588253012488e-07 0.0002973081695085637 0.7872897022991314 0.21240978682612088 2.95554641392945e-06 
2.859729890694224e-07 0.0003270811716712735 0.7876416860045108 0.21202725811405126 3.688736777564624e-06 
3.371726181638064e-07 0.0003712592783189577 0.7941572956735531 0.20546661721756496 4.490657944728034e-06 
4.0303116265100476e-07 0.0004114138622655841 0.7984930978952516 0.2010889511571883 6.1340541318760676e-06 
5.864034073324976e-07 0.0005173752060232247 0.797192230772889 0.2022806165593881 9.19105829236408e-06 
8.536002201998659e-07 0.0006945811216412798 0.8000796366252585 0.19921311456474167 1.181408813835651e-05 
9.409512577474938e-07 0.0007735429711063192 0.8112313160630553 0.18798204629568663 1.2153718894021855e-05 
8.192605019913805e-07 0.0006999309685074886 0.8208832987309801 0.1784042858828669 1.1665157143485383e-05 
7.547857362806729e-07 0.0006348806116124262 0.8199117383124688 0.17943993382416593 1.2692466016365665e-05 
8.623007880684253e-07 0.0006866623254777225 0.8128198397442188 0.1864782635046227 1.4372124892863916e-05 
9.556326438769766e-07 0.0007728880248110239 0.8105722203354048 0.188640551379608 1.3384627532227853e-05 
1.2859574959264475e-06 0.0018553351778582705 0.9018655275604394 0.09627212417219477 5.727132011710753e-06 
8.511298918095071e-07 0.0014592626500911274 0.9032821679134169 0.09525372397453058 3.994332069583756e-06 
6.117632819862097e-07 0.0011654889846225258 0.8984908723987869 0.10033977641328476 3.2504400240386143e-06 
5.45234557575251e-07 0.0010744126461305922 0.895691097264448 0.10323117975479765 2.7651000665259973e-06 
4.849500692946801e-07 0.0010027986370286233 0.89642579205881 0.10256858243044024 2.3419236518269535e-06 
4.4663193293331055e-07 0.0009247965522426237 0.8936051524806172 0.10546741640204789 2.187933159466102e-06 
4.58925260229477e-07 0.0009043190482352553 0.8893709024810785 0.10972219813074396 2.1214146818832376e-06 
4.7039032176218234e-07 0.0008993255925054612 0.8881595361048857 0.11093867081503805 1.9970972490797104e-06 
4.551036536060692e-07 0.0008838035609198033 0.8880602749685099 0.11105352970236265 1.936664553924176e-06 
4.558701424408945e-07 0.0008908163986690896 0.8860924102932077 0.1130141208992494 2.19653873134606e-06 
5.210871659302871e-07 0.0009734241474764106 0.88576215512886 0.11326120629802491 2.693338472711515e-06 
5.966113967213691e-07 0.001076757171540689 0.8888792611551827 0.11004022981253125 3.155249348616869e-06 
7.073365445275241e-07 0.0011624818034135518 0.8892624599230654 0.10957022639731076 4.124539665687547e-06 
1.0330276246150289e-06 0.0014070452216066007 0.8866906356980578 0.11189527685169358 6.0092010172509705e-06 
1.46990208209985e-06 0.001812313491167671 0.8882322909021899 0.10994636201277858 7.563691781810129e-06 
1.5616466154145862e-06 0.0019760718383926056 0.8958629244991991 0.10215192142406636 7.520591726423652e-06 
1.3217603345186678e-06 0.0017866179544507328 0.9023272540419477 0.09587784035390952 6.9658893575523476e-06 
1.2093462016530726e-06 0.0016290156455288196 0.9016780858183504 0.09668421261448543 7.476575433549339e-06 
1.3844128749111865e-06 0.0017558031279387596 0.897684201352557 0.10055016153327515 8.449573354122758e-06 
1.5312149077954357e-06 0.0019649677227355942 0.8975654612025737 0.10046016465141451 7.875208368279912e-06 
2.068677393565857e-06 0.0050031659994908585 0.9511856434143037 0.04380560644189893 3.515466912965376e-06 
1.3753116313092159e-06 0.004039897068534968 0.9537135976544474 0.04224268483998379 2.445125402365983e-06 
9.97032111927297e-07 0.0033560207142615166 0.9536556491549819 0.04298530713812279 2.025960521795922e-06 
9.006231089683896e-07 0.0032370030883904755 0.9544326628449276 0.042327675920699345 1.7575228737172444e-06 
8.123606589191871e-07 0.0031906235261899606 0.9553689701716932 0.0414380892968913 1.5046445666079501e-06 
7.557002845079647e-07 0.003047446365867862 0.9539848240936879 0.04296553431156085 1.4395285990805145e-06 
7.802708584364002e-07 0.002955329173315364 0.9519708972745957 0.045071541976363885 1.4513048666412582e-06 
8.011475752903882e-07 0.0028747585869977887 0.9507398502578179 0.04638318300612589 1.4070014830606459e-06 
7.806361877412099e-07 0.002844052655837585 0.9495833751146675 0.04757041324611482 1.3783471924099865e-06 
7.904366286131203e-07 0.002941272690770297 0.9475808186326984 0.04947556233190949 1.5559079933186598e-06 
8.977487801030354e-07 0.003212098887577817 0.946437049050663 0.050348100190902516 1.8541220765068215e-06 
1.011742127850135e-06 0.00344269941074901 0.946733769577093 0.04982041693778521 2.1023322449001426e-06 
1.1925340956080654e-06 0.0035223896537780962 0.9452673341820966 0.05120634671227966 2.7369177500253515e-06 
1.7344609135373213e-06 0.004002539687256153 0.942171056567887 0.05382064332839558 4.025955547660933e-06 
2.429498397670371e-06 0.004918446900402724 0.9421030327689326 0.05297110878083108 4.982051435837849e-06 
2.5399471738300672e-06 0.005266681302046125 0.9467442251800817 0.04798179284086566 4.7607298325264325e-06 
2.132735575447685e-06 0.00483422093283192 0.9508825311498369 0.04427684811272555 4.267069030251612e-06 
1.9524182446603285e-06 0.004534426390974496 0.9503167447701816 0.04514234573234188 4.530688257512238e-06 
2.2327340526477664e-06 0.004866529329867016 0.9476257232228735 0.0475003739040481 5.140809158634382e-06 
2.461916616011328e-06 0.005316213320083397 0.9476737813468454 0.04700271113602345 4.832280431754764e-06 
3.30821689798707e-06 0.013138457337198657 0.9700736902005017 0.01678233896773613 2.205277665488916e-06 
2.203209220832443e-06 0.011002878989403941 0.9735375439588594 0.01545585993868465 1.5139038312542652e-06 
1.621227868311603e-06 0.009777663403557478 0.9750755889514036 0.015143870122291325 1.256294879123722e-06 
1.4934844665726586e-06 0.010126947760588197 0.9753793168757635 0.014491145093343868 1.096785837819796e-06 
1.362776105807169e-06 0.010596874606651388 0.9753840068750348 0.014016808931954358 9.468102535349104e-07 
1.2697047860904253e-06 0.010412165066447494 0.9751171716762194 0.01446847151224567 9.220403015267316e-07 
1.2994775442614387e-06 0.009964381494054356 0.9747580508342543 0.015275324550434878 9.436437121354105e-07 
1.3283742309134551e-06 0.009528650722115636 0.9744964108728995 0.015972690677917803 9.193528362407031e-07 
1.3097492335843027e-06 0.009564564704982266 0.9738030664589994 0.01663015367293515 9.054138497296561e-07 
1.3436514942900187e-06 0.010121146118888508 0.9722037387329686 0.017672749510792535 1.0219858558791047e-06 
1.5186523696401982e-06 0.010932438397203603 0.9707165157438719 0.01834833128272358 1.1959238312964814e-06 
1.6821229151906686e-06 0.011098972378980736 0.9702750421229901 0.018622961840448655 1.341534665246335e-06 
1.960362985448716e-06 0.010573608367570899 0.9693547933415319 0.020067846379138467 1.791548773420802e-06 
2.8365659273534404e-06 0.011259661032597165 0.9668454482097039 0.021889379783104273 2.674408667447945e-06 
3.9384502657534985e-06 0.013174409255114723 0.965402737333907 0.021415661581621576 3.2533790908734064e-06 
