0.0012875834610744591 0.05037524289538705 0.5161046249819585 0.38934688596610906 0.042885662695470984 
0.0012569530078408578 0.04984765129190664 0.5169846056270875 0.38935829547351913 0.04255249459964602 
0.001227464816825805 0.04936929431338913 0.5179151475512299 0.3894737405195619 0.042014352798993286 
0.0012925200621536003 0.0504696114323204 0.5161846423511384 0.38949869016216804 0.042554535992219436 
0.0012687381748103994 0.05003920395471979 0.517491249211083 0.3898534136375948 0.04134739502179189 
0.0012748881880999816 0.05009995183876931 0.5174189765126165 0.3898344392467677 0.0413717442137464 
0.0012783444585513896 0.05018771922825228 0.5170446387978711 0.3897140434836045 0.041775254031720596 
0.0012824129125857872 0.05029888801067881 0.5165302197472964 0.38954130833621553 0.04234717099322354 
0.0015483542075777968 0.05432234410754196 0.508954437414762 0.3885049671946868 0.0466698970754316 
0.001523233397204956 0.053975024178638524 0.5095588632356218 0.38858749364572126 0.04635538554281357 
0.0015361222728178957 0.05415109943107822 0.5092573156742081 0.3885462933552326 0.046509169266663264 
0.001591674953384124 0.05494442356829598 0.5078591323988986 0.38836351007282677 0.04724125900659463 
0.0015435230266048576 0.054266811537486165 0.5090875765923142 0.3885479710396733 0.04655411780392158 
0.0015590079594270069 0.05449688216406926 0.5087324837478735 0.38853329820153687 0.04667832792709341 
0.001579068235942339 0.05476564039048095 0.5082810709438271 0.38847244119652435 0.0469017792332251 
0.0015311828084744205 0.05406476576587531 0.5094919614082212 0.38860533840639994 0.046306751611029005 
0.0019125688803955008 0.0591406743795961 0.5005781495652389 0.3872306170065408 0.051137990168228634 
0.001970851877543089 0.05983999671658793 0.4993898231549826 0.3870108630118038 0.05178846523908273 
0.0019282272356583572 0.059396850358124795 0.500121465888681 0.387180528231663 0.0513729282858728 
0.0018489501754051475 0.058457261974562545 0.5017161183190759 0.38747915053003623 0.05049851900092012 
0.0018642869663527259 0.05862462414457205 0.5014379440928294 0.38741806412617624 0.05065508067006975 
0.0019272470442081256 0.05937753408697832 0.5001575297656369 0.3871822893844719 0.05135539971870469 
0.0019455787384890378 0.059582374537868577 0.4998125073725 0.3871129889588664 0.0515465503922761 
0.0019195250391808767 0.059252611401075385 0.5003779972503781 0.3872092258388384 0.05124064047052725 
0.002483616367718216 0.06575209222554398 0.489400535368071 0.3850656944806962 0.0572980615579705 
0.0025061265542250287 0.06606248809539557 0.48886390351644066 0.38498243090480794 0.05758505092913071 
0.0023979725140252962 0.06487801112804728 0.49084625838408524 0.3853996328045323 0.056478125169309994 
0.002326392403293051 0.06408993197650885 0.49216552529954316 0.3856763594638798 0.055741790856775233 
0.0023778730708654324 0.0646920851233888 0.49114631002844045 0.385481143960519 0.056302587816786 
0.002477995066734119 0.06575833351983332 0.4893705929142611 0.38509254149855054 0.057300537000620905 
0.002447392744243556 0.06534713078275077 0.490079266022787 0.3852062816362503 0.05691992881396845 
0.0024411531668322843 0.06523744055236713 0.49027468106697863 0.3852272593603198 0.05681946585350217 
0.002573637049462402 0.06678288568151432 0.4876633259043873 0.3847209527691659 0.05825919859547011 
0.002557978041734073 0.06664985202765362 0.487875814636067 0.3847833237781139 0.05813303151643136 
0.0024974123040481617 0.06600023363390757 0.48895883539649476 0.385018272946458 0.057525245719091546 
0.002494864009483692 0.06598532753963997 0.488979965128795 0.38502917511590184 0.057510668206179415 
0.0025051646229508544 0.0660992393757806 0.4887887010387952 0.38498984485766047 0.05761705010481296 
0.002569684562975384 0.06675079273910323 0.4877138085212881 0.38473705443563466 0.058228659740998674 
0.0025721196888455764 0.06672330817692639 0.48777428938910056 0.3847246999157243 0.058205582829403246 
0.0025873433049593275 0.06689440476308388 0.4874869959840337 0.38466597722980134 0.05836527871812161 
0.00256879015690766 0.06675690820269169 0.4876995491787153 0.38474113239131535 0.05823362007037007 
0.0007276350502886731 0.039153556567950026 0.5356765063681685 0.3893030003316604 0.0351393016819324 
0.0008285514573731665 0.04156300443475292 0.5312766425788326 0.3889375280415502 0.03739427348749122 
0.0009347014859870929 0.04389393261243024 0.5272376612842345 0.38928881637206053 0.03864488824528752 
0.000979761859744142 0.04482100327923633 0.5263521323810539 0.38981788064486966 0.03802922183509584 
0.0009107879280974995 0.04339537526656302 0.5296524703922666 0.39015561603985377 0.03588575037321901 
0.0008101670200978451 0.04123284089652398 0.533852529612404 0.3902600665360198 0.03384439593495446 
0.0007384857658250106 0.03949773758350387 0.5356917779443963 0.39123772064427714 0.03283427806199749 
0.0007488583001132556 0.03968702671446563 0.5347143340048169 0.39048114660641436 0.0343686343741897 
0.0010717887697184647 0.04657149402755852 0.5222413857716516 0.38922417943622883 0.04089115199484274 
0.0011128136319488384 0.04731400377493145 0.5208180030167575 0.3891289933497565 0.0416261862266055 
0.0011214898132914791 0.0474776196491266 0.5205910603844378 0.3891663085102655 0.041643521642878635 
0.0011100746738340527 0.04728986942716162 0.5210775600290549 0.38928293954529514 0.04123955632465416 
0.0010584417972537715 0.046373107065675746 0.5229350208628368 0.38947849062381 0.040154939650423785 
0.0010261306347962666 0.04576462546912293 0.5241614523834323 0.389571632414748 0.039476159097900455 
0.0009930203549640552 0.04511739918334722 0.5253447636817357 0.38957555015837214 0.03896926662158099 
0.0010290998983975945 0.045795141116745666 0.5238400352704449 0.38938735756278636 0.03994836615162543 
0.0013476715763847036 0.05121740169453569 0.5137603908556676 0.3886014609868474 0.04507307488656457 
0.0013974858242982353 0.05197264085613417 0.5124083355013617 0.3884526551836083 0.04576888263459764 
0.001409214444288642 0.052159031089499056 0.5120853345482792 0.3884312801342826 0.0459151397836506 
0.0013083980951291434 0.05061858598413412 0.5148920106492626 0.38875975103106 0.04442125424041424 
0.0012591123686439428 0.049841086108219926 0.5163589885285683 0.38893543853080775 0.04360537446376018 
0.001215795426371487 0.04912640544962941 0.517694611822617 0.3890632617222873 0.04289992557909487 
0.0011773759723988743 0.04846591438411623 0.518882264903266 0.3891305599642838 0.042343884775934974 
0.0012610262649698628 0.049845830260535975 0.5162756381857475 0.3888643806809819 0.043753124607764725 
0.0016641832822593399 0.05594621910546424 0.5053119366817178 0.38761937661764695 0.04945828431291161 
0.001712370594290489 0.0566372711657634 0.5040878698519221 0.387457429935737 0.050105058452287125 
0.0016917984548706188 0.056368396714186836 0.5045546151714171 0.3875325764585252 0.04985261320100035 
0.0016160253758080389 0.0552697035439281 0.5065060580480922 0.3877831426984948 0.048825070333676654 
0.001548700538047969 0.054277383819544785 0.508277194618063 0.3880035588139792 0.04789316221036498 
0.0015300370390742566 0.05401855227166351 0.508737909988044 0.3880717839107535 0.04764171679046478 
0.001521782850575815 0.053906116619271194 0.5089361293400158 0.38810122893164445 0.047534742258492746 
0.0015597770302813406 0.05444099561382013 0.5079871470859316 0.3879685389542587 0.048043541315708184 
0.0017058999035347655 0.056539915149500346 0.5042612854563702 0.38747928284847444 0.05001361664212 
0.0017439627064078664 0.05708832172834449 0.5032888214726565 0.38735205275269635 0.05052684133989469 
0.0017471086007066997 0.05715195399799191 0.5031697980475989 0.38734551513404447 0.05058562421965804 
0.0017014557907851322 0.05651596287283479 0.5042892746314448 0.38750310833830653 0.04999019836662882 
0.0016365718929316011 0.055576725981299216 0.5059566452898443 0.38771852970161735 0.04911152713430749 
0.001637388730149731 0.05560088486234564 0.5059092529691266 0.38771983323688325 0.04913264020149495 
0.0016270874825921803 0.05545702834363359 0.5061619341167325 0.38775591265606135 0.04899803740098033 
0.0016538323758904046 0.05581645101351738 0.5055343206158686 0.38766017488794763 0.04933522110677606 
0.0017090739900347005 0.056616473101481234 0.5041137785344262 0.38747618133799 0.05008449303606789 
0.0011402333730945002 0.04783725695493516 0.5208998209607825 0.3897438095121222 0.04037887919906571 
0.001080238481442041 0.04672178643736573 0.5228197600651335 0.38973159879147634 0.03964661622458234 
0.0011370502737774824 0.047700431816001046 0.5211133804859981 0.3896710109834287 0.04037812644079471 
0.0011632808621433997 0.04817771681558603 0.5205644950820889 0.38983247863143966 0.040262028608742104 
0.0011537133184428782 0.04807615644048546 0.5211735170773724 0.3901527574629453 0.03944385570075394 
0.0011489776002583008 0.04805756236204726 0.5214895651139547 0.3903803878297294 0.03892350709401032 
0.0011789713017897746 0.048620724275552786 0.5204265254566801 0.39033453404180785 0.0394392449241696 
0.0012041230788700126 0.04903408138229329 0.519176169004871 0.3899666105924318 0.04061901594153382 
0.0013961197745856898 0.05210870179422763 0.5130246797938125 0.3890837851189587 0.04438671351841551 
0.001413817264223582 0.05230651011908594 0.5126266794380877 0.38895857230665587 0.044694420871947096 
0.0014691878352420208 0.05312524603729454 0.511300317940596 0.38886202186360597 0.045243226323261554 
0.00146539798757477 0.05310816888698269 0.5116118154696375 0.3890727774564383 0.04474184019936683 
0.0014028327701506068 0.052206533764298915 0.5134813058402441 0.3894508907638126 0.04345843686149393 
0.0013595277188092525 0.05157629805721876 0.5147176044393261 0.38966601763563163 0.04268055214901435 
0.0013319376858879847 0.05115226976879787 0.515397590302409 0.38969875554535266 0.042419446697552515 
0.001385100788180631 0.05198105770690615 0.513489134484004 0.38928702088338735 0.04385768613752194 
0.0016481236747671335 0.05577313587662532 0.5063831727601776 0.38818409103857293 0.04801147664985705 
0.0016462522742243383 0.055725537987833584 0.5064725042180523 0.3881834307501402 0.04797227476974961 
0.0016670987397386834 0.056027319976470626 0.5059457376032277 0.3881191670068952 0.04824067667366789 
0.0016663952546813856 0.05605394723537283 0.5059232013356666 0.38815400463341804 0.04820245154086115 
0.0016692891492709643 0.056076280806564516 0.5059335121456526 0.3881680341247298 0.048152883773782164 
0.0016477425510368169 0.055765491779678225 0.5065092351192394 0.38825515013179474 0.04782238041825074 
0.0015781019289912083 0.05482144967410409 0.5081821409307208 0.3885133862555258 0.04690492121065816 
0.0016005645560079557 0.05513695078842052 0.5075176006531291 0.38836923045846294 0.04737565354397947 
0.001930781615526467 0.059462530539426385 0.49999981582025177 0.387175602215264 0.05143126980953128 
0.0019587993294569945 0.059820187517751124 0.4993843568815096 0.38707277095069376 0.05176388532058855 
0.001959998229654115 0.05982430417390441 0.49938175466724666 0.38706564576984315 0.05176829715935163 
0.0020234154901801684 0.06059973385637969 0.49805865611682876 0.386829404279848 0.05248879025676348 
0.0020248936759935878 0.06062274053359733 0.49801783658301746 0.3868246019242002 0.05250992728319158 
0.002036440556196657 0.06078990250602443 0.4977236414200933 0.3867860896748957 0.052663925842789824 
0.0019742145358325946 0.06001058566005299 0.49906002128377036 0.38701558604119013 0.05193959247915389 
0.0019472834183647584 0.059658632021575723 0.4996683075051629 0.3871131289392083 0.0516126481156884 
0.0020793761077674854 0.06129362487025649 0.496869940827184 0.3866241241692739 0.053132934025518226 
0.0020879318766187814 0.061406057917643586 0.4966755439943097 0.38659345229586445 0.053237013915563666 
0.0020840324308427876 0.061364144272694446 0.49674583060618016 0.3866081647758211 0.053197827914461746 
0.0021340814690872143 0.06196648771695719 0.4957216059493668 0.38641982443162104 0.05375800043296776 
0.0021293975328273754 0.061917369419903875 0.4958029532723563 0.3864383073438978 0.05371197243101482 
0.002134524649800337 0.061987243620068286 0.4956811906086986 0.3864205145703952 0.05377652655103755 
0.0020835774907203217 0.061373859211579354 0.49672453582731096 0.386611910953976 0.053206116516413375 
0.0021050221071572867 0.06161659139344782 0.496316499016273 0.3865292871232164 0.053432600359905394 
0.002160091984414988 0.06228198185695858 0.49518378196240775 0.38632289908749856 0.05405124510872002 
0.0011990181790855758 0.04889991452365677 0.5187648329147955 0.38954203656656505 0.041594197815897196 
0.0011609038173719915 0.048218817084824124 0.520077766398501 0.38964448618877245 0.040898026510530386 
0.0011720361386112286 0.04843907307278138 0.5199704334925142 0.389822809913185 0.04059564738290833 
0.0012292748134360527 0.049455017366862614 0.5186213664768761 0.3900378805972623 0.04065646074556292 
0.001181120575400707 0.04864250196918323 0.5204806577488923 0.39037646651269775 0.03931925319382612 
0.0011648186030925405 0.04836757001688058 0.5210222749068549 0.39043826988962843 0.03900706658354352 
0.0012353738153363467 0.04956621889983041 0.5184104060017625 0.3900240500877991 0.04076395119527165 
0.001250424515590601 0.04980561862667833 0.5173784847390457 0.38961497924203103 0.04195049287665441 
0.0014292108228296423 0.05258230004337514 0.5121125967469305 0.3889272306462891 0.04494866174057566 
0.0014189166317767465 0.0524423251012785 0.5123197925501887 0.38893874965577824 0.04488021606097775 
0.0014392658051851131 0.052749232161589756 0.5119205703711042 0.38896737079867555 0.04492356086344538 
0.0014684756404677911 0.05319964019084288 0.5114228138617735 0.3890742559457299 0.04483481436118606 
0.0014662935409409255 0.05317516745986656 0.5117605223891821 0.38926976130184765 0.04432825530816289 
0.0014041764636439844 0.05223407803324691 0.5135634137595079 0.38953475992269904 0.04326357182090218 
0.00144862061259106 0.05286545871321297 0.5121190829717807 0.3891814809466029 0.04438535675581239 
0.0014989756036737705 0.05358966169688516 0.510483871053384 0.388795554934317 0.04563193671174 
0.0018045543628815173 0.05787082192072627 0.5027477801968874 0.3876432327615548 0.04993361075794989 
0.0017512102285456323 0.05716008556555532 0.5039692131504568 0.3878245116624014 0.04929497939304084 
0.0017071657853108477 0.056613193924781674 0.5049062260151681 0.38798977724667255 0.04878363702806679 
0.0017025430024743217 0.05657958456888685 0.5049815760417289 0.38802943419446256 0.04870686219244724 
0.0017313998389801154 0.056967490864684084 0.5043776974764101 0.3879730594826016 0.04895035233732412 
0.00176627595034741 0.05741410679911426 0.5036976946329936 0.38790054922973566 0.04922137338780906 
0.0017934017031972767 0.057743613279947766 0.5031170035125189 0.3877831764883854 0.049562805015950576 
0.0018530590488816472 0.05853010083927818 0.5016260669559146 0.38749245394600906 0.05049831920991645 
0.00210784802901274 0.06165921711600978 0.4962422105607941 0.3865210615106495 0.053469662783534 
0.002088344832477772 0.061429973317966416 0.496628961739109 0.38659435037961704 0.0532583697308299 
0.0019796712052040305 0.06012717027064352 0.498842699033605 0.38700393214954343 0.05204652734100386 
0.001979695178325832 0.0601363916511761 0.49882360323343455 0.3870056843468117 0.052054625590251806 
0.001969598131524516 0.05998235382976188 0.4990962655773278 0.38703876612559796 0.05191301633578791 
0.0020298630030865595 0.060705129269472614 0.4978695809530136 0.3868124492144256 0.052582977560001874 
0.002068120281829571 0.061181006840172865 0.4970588590904853 0.3866729127201249 0.0530191010673873 
0.0021439844069458865 0.062094642897105354 0.49550371904036805 0.3863867541451674 0.05387089951041341 
0.0021994053369186997 0.06275607633939398 0.4943770899559312 0.386175289325548 0.05449213904220811 
0.0021650364357463005 0.06235713392624404 0.4950504580122401 0.3863069995306366 0.05412037209513306 
0.0020803180608010025 0.0613564519695147 0.49674586135970333 0.3866285681303661 0.05318880047961484 
0.0020649160739575454 0.06117163310973516 0.49705961842822033 0.3866869581605376 0.05301687422754929 
0.002055252883783164 0.06103913532833405 0.49729024479872874 0.3867208949056873 0.05289447208346684 
0.0021062545591880827 0.06163687651083886 0.4962792716250582 0.386526406497742 0.053451190807172706 
0.0021660013635981337 0.062356144463592035 0.49505641944842405 0.38630132046046695 0.054120114263918835 
0.002221826986599514 0.06302029304397519 0.49392956988819525 0.3860901674372709 0.05473814264395915 
0.0021627166127542313 0.06232318765275886 0.49510991031680035 0.38631508959440186 0.05408909582328466 
0.0006586553568907692 0.03749189891356133 0.5389101991810292 0.38869795936809926 0.03424128718041949 
0.0006027776947056918 0.03602932721304483 0.5417235384553826 0.3885061783028681 0.0331381783339987 
0.000602599622281289 0.03610284338723621 0.5446340378965486 0.3904404213273969 0.028220097766536847 
0.00068048717041247 0.038112218883325576 0.5396587870935845 0.39108946200434297 0.030459044848334414 
0.00058295786429392 0.03562659435369118 0.5459618992960058 0.38709510120261326 0.030733447283395894 
0.0006099834012115202 0.03641347523990023 0.5444871840243838 0.3877019462422528 0.030787411092251492 
0.0006198886052785768 0.03665990330871255 0.5433109898820034 0.38877374599556297 0.03063547220844243 
0.0006393133793856415 0.037140476769952496 0.5420169739379835 0.38945833535963253 0.030744900553045882 
0.0005916439148257086 0.03587748031570918 0.5449522872941736 0.38947392834736305 0.02910466012792847 
0.0005653009195676247 0.035126556251713535 0.5468897854555786 0.38955613117941484 0.02786222619372532 
0.0005604841550214164 0.034941633750669575 0.5475930494607177 0.3896207061905168 0.027284126443074534 
0.0005628290009469094 0.03493447545681641 0.5442774946203177 0.3880803096618757 0.032144891260043294 
0.0005284567178970393 0.033950017542199555 0.5470720806775806 0.38762852249953833 0.03082092256278447 
0.0005339725100371961 0.034184288309015265 0.5478667430533889 0.3871787671529953 0.03023622897456328 
0.0005539975155639485 0.03471853893387993 0.5482640230905348 0.38961501272416726 0.026848427735854077 
0.0005635722085383118 0.03501541028812802 0.5476178750908606 0.3897444774673987 0.027058664945074484 
0.000554037400168749 0.03477779631696774 0.5479094399357434 0.38982608093027094 0.02693264541684916 
0.0008892966473504983 0.04289747940960275 0.5290207391598291 0.3891493563452723 0.038043128437945405 
0.0008668503554733641 0.042361533501757066 0.5302444880998977 0.3891843646867375 0.03734276335613416 
0.0008412044326952964 0.041758521818497894 0.5315267153376178 0.38917308164689973 0.036700476764289516 
0.0008038554800015153 0.04092571315920879 0.5331774185644608 0.3891297526369559 0.035963260159373 
0.0007738007617961029 0.04029090155890748 0.5346219508194294 0.3892218716633436 0.03509147519652347 
0.0007762424072502281 0.040402975985830425 0.5347513966458904 0.38944970854869937 0.03461967641232949 
0.0007805119691383898 0.04053440121703233 0.5347454876930153 0.3896583212525412 0.03428127786827296 
0.0007905626978108696 0.04079243744877061 0.5343081803408336 0.38982572281806255 0.034283096694522265 
0.0007999760669285177 0.04099249344199771 0.5340756915309196 0.38991896691180494 0.034212872048349115 
0.0007780531427826927 0.04047996552854848 0.5354290533295659 0.3900654110648845 0.033247516934218256 
0.0007686285712689467 0.04026794157102581 0.5362632319646093 0.39029141128485306 0.03240878660824291 
0.0007753924828550888 0.04044229084907318 0.5362246367934679 0.39050509757760826 0.03205258229699571 
0.0007920440188545449 0.04085799853997212 0.5355277496237373 0.39065197073945923 0.03217023707797685 
0.0007831896139253985 0.040642186990043606 0.5360089616644425 0.3906531715449926 0.03191249018659596 
0.0007866480849761426 0.04070376576570008 0.5359114772301041 0.3906518272886818 0.03194628163053777 
0.0008252820390128295 0.04159782427696533 0.534053856385331 0.39068284253609 0.032840194762600985 
0.0008744932883862454 0.04263977343266255 0.5317065442819454 0.3905084730537258 0.034270715943279996 
0.0007617823761288118 0.04014818798017372 0.5366356030910163 0.3905212327705049 0.031933193782176246 
0.0007120214069523311 0.038946081535506945 0.5392769089340632 0.3905164925391932 0.030548495584284328 
0.0006535296601395256 0.03745258285144324 0.5424719009937896 0.39025958146757367 0.029162405027053834 
0.0006741651384191648 0.0379678449576527 0.5414362208086753 0.3903076389736099 0.029614130121642802 
0.0006819476512077429 0.038156467745641444 0.5409776411290493 0.39028713084870087 0.02989681262540035 
0.000663155045541055 0.03768070728685911 0.5417415020396065 0.39009891683640363 0.02981571879158962 
0.0006647418886504157 0.037750255875634756 0.5412443163189299 0.3899412108908545 0.030399475025930604 
0.0006921334183303061 0.038454651279381274 0.539410293133024 0.3898323639996745 0.031610558169589874 
0.0007264570752059761 0.03930419679846554 0.5374177470923206 0.3897881996724034 0.03276339936160465 
0.0007079139485234502 0.0388532722198461 0.5382652837558111 0.3895981500929025 0.032575379982917006 
0.0006846973529094391 0.03828790495914402 0.5395615613406054 0.38916121975085416 0.03230461659648682 
0.0006859547002130222 0.038270824426608674 0.539482708094449 0.3888049049813408 0.03275560779738837 
0.0006471511068642352 0.037193208829781076 0.540972697788363 0.3884349922860383 0.0327519499889535 
0.000656870233546583 0.03739191218705045 0.5398507193144069 0.3884576216946521 0.033642876570344 
0.0006874859383272129 0.03815473152407114 0.5381124570218612 0.38854393595472897 0.034501389561011606 
0.000725678194470356 0.03910546446755815 0.5361793793800584 0.3886875777390687 0.035301900218844315 
0.0007677765940248715 0.04014239329963275 0.5340510620544816 0.38880988450235965 0.03622888354950113 
0.0010335654251575075 0.045869682452343116 0.5241246491937055 0.38962746019967975 0.039344642729114344 
0.0009872034766451024 0.04497094824242343 0.525544489964258 0.3895017060376756 0.03899565227899792 
0.0009733730939425888 0.04468372555237444 0.5261655869840473 0.3895396938660573 0.03863762050357839 
0.0009582754416766731 0.04434438890489831 0.52691460305373 0.3895687766459366 0.03821395595375849 
0.0009549267518293322 0.044267057333019943 0.5271558421916588 0.38961448889026573 0.03800768483322618 
0.0008965272231473024 0.04307204996981102 0.5294594170366796 0.38963249811949097 0.03693950765087089 
0.0008702787718471625 0.042547207071998466 0.5306000473592292 0.38973336589952073 0.0362491008974045 
0.0008780903364731836 0.04271159078288243 0.5304104728073139 0.38981418947779195 0.03618565659553861 
0.0008707778113352122 0.0425545146083192 0.5308194933175548 0.38987376094851356 0.03588145331427718 
0.0008877579400026936 0.042921800369257274 0.5302798653068691 0.3899866342131901 0.03592394217068071 
0.0008719869033374486 0.04260875430800521 0.5312329756200687 0.3902074979147937 0.035078785253795076 
0.0008647412439835281 0.04248898037177184 0.5318786190819906 0.3904860105758023 0.03428164872645168 
0.0008685121460793896 0.04258297337656288 0.532004532261439 0.3906869130362168 0.03385706917970208 
0.0008770788549526652 0.04276248236915 0.5318019906849004 0.39077473744183405 0.0337837106491628 
0.0008948192410092565 0.043136104122160006 0.5311224246728367 0.3908025985317435 0.03404405343225064 
0.0009165765156834024 0.04359179476217421 0.5302415666674994 0.39080539714995655 0.034444664904686305 
0.0009363565623514965 0.043988107057668285 0.5294062748512884 0.3907502507273665 0.0349190108013252 
0.0009765283381934022 0.04478050499034228 0.5277193500849672 0.39061350757912855 0.03591010900736857 
0.0010044508275801895 0.045298951296440036 0.5262537247353636 0.3902744779022308 0.03716839523838544 
0.0010808241895697089 0.046774881114620526 0.522947005866766 0.3898927030225044 0.039304585806539366 
0.001135647091384139 0.047773246506104955 0.5208362098289154 0.389652144970242 0.040602751603353526 
0.0010788929963769902 0.046737087669025845 0.522603675535815 0.3896465458221392 0.039933797976643 
0.0010444379234464444 0.04611278374910669 0.52374780369002 0.3896947248581325 0.03940024977929428 
0.0010287132302505793 0.045805491508568774 0.5243565700842836 0.3897219585388712 0.039087266638025704 
0.0010427032102482846 0.046075645671326805 0.5239118656867345 0.38974750770686667 0.039222277724823625 
0.0010034382058791856 0.04530387393423781 0.5253791906352288 0.38978044712488885 0.03853305009976536 
0.0009481361953356562 0.044216518750870855 0.5274636697892561 0.38983700747513644 0.037534667789401004 
0.0009449768719336577 0.044153787077151285 0.5276224708088781 0.3898627489671682 0.037416016274868846 
0.0009487383412134601 0.044217326816081516 0.5275699977559376 0.3898892983718441 0.03737463871492328 
0.0009622483554436603 0.04450458872270874 0.5271918077876668 0.38999980055729244 0.03734155457688853 
0.0009502079168683686 0.044275637376239456 0.5280002986216306 0.3902423196598476 0.036531536425414 
0.0009459993053354102 0.04420576823725309 0.5285759956961541 0.3905238846602954 0.03574835210096208 
0.0009593593458786416 0.044477878289206775 0.5283667852652247 0.39070503227600156 0.03549094482368839 
0.0009802339992174014 0.04490405764545853 0.5276844159404391 0.39077886223632463 0.035652430178560304 
0.001000264418169527 0.04531430553483783 0.5269333063133105 0.3907956762122853 0.03595644752139686 
0.0010217407514100496 0.04572012977655516 0.5261475913479986 0.3907553859082187 0.036355152215817775 
0.001050495678887155 0.04624502578573239 0.5250544090693524 0.3906400111141707 0.037010058351857424 
0.0010749308017325386 0.04668882084358679 0.523939987323118 0.3904235602835056 0.03787270074805712 
0.0011122083478392229 0.04737333737090528 0.5222601219089608 0.3901217237322942 0.03913260864000057 
0.0011727913470990388 0.04845675412172479 0.5198637526693806 0.3897778195429286 0.040728882318866955 
0.0004895567931319521 0.03216331254416401 0.5371431334424842 0.40295318921345047 0.02725080800676952 
0.0004990404188231296 0.03220979251766854 0.532519323933084 0.40608377349957786 0.028688069630846535 
0.0005043525231115275 0.032549008075839644 0.5368110084581313 0.40023847264003 0.029897158302887458 
0.00047738365049484994 0.032006455238260366 0.5439298419998757 0.39361657682178963 0.029969742289579455 
0.0004338901863905834 0.030867021735193706 0.5501367728965575 0.3895741338444529 0.028988181337405165 
0.00040581868474169765 0.030018314470882115 0.5543893234228203 0.3918635562936642 0.023322987127891846 
0.00044215245472051896 0.030969697203990006 0.5463731534587839 0.3971470518095931 0.025067945072912604 
0.00040032000620807953 0.03014965334737264 0.5602260542698222 0.38319396811129075 0.02603000426530657 
0.0004290572189362764 0.031155436120904732 0.5591280120132386 0.383191060968337 0.026096433678583397 
0.00045636098773292984 0.0319219275002559 0.5558794247615941 0.38563551510779503 0.026106771642622026 
0.0004412246739581271 0.03133977655593487 0.5556836698538193 0.3876576996850604 0.024877629231227213 
0.0004199760296841574 0.030638186539670664 0.5571054604336034 0.3881403144104511 0.02369606258659046 
0.0003903364290114212 0.02961613874289703 0.559608138041208 0.3879962843953083 0.02238910239157532 
0.0003886284098058434 0.02953787283178978 0.5595760643467773 0.38833118045057435 0.02216625396105277 
0.00039029378513685435 0.02944138411095246 0.5551255467553129 0.38752295858613595 0.02751981676246172 
0.0003666129235487927 0.028710073370402177 0.5595333042363562 0.3851269931072149 0.026263016362478044 
0.00037255314367073343 0.0290770790452959 0.5607523619048546 0.38390687879672625 0.025891127109452586 
0.0003846432357801252 0.029404415525489086 0.559684482947908 0.3885741900906669 0.021952268200155924 
0.0003959632486422891 0.02982448907487258 0.558828183646669 0.38861864631381976 0.022332717715996434 
0.0003937743873263109 0.02972324910220345 0.5582749221574381 0.38916051093410436 0.022447543418927775 
0.0002826856921402255 0.025620607674123098 0.5743144826120571 0.3790739333862418 0.020708290635437658 
0.00027886784894269937 0.02526589601101803 0.5720889803921226 0.38292737978265357 0.019438875965263044 
0.00027703732238582273 0.025134544389171343 0.5709707121725539 0.3850903271588 0.018527378957089023 
0.0002680694159324836 0.02479407926440672 0.5709514540510464 0.3861260789506693 0.017860318317945077 
0.0002696673557476842 0.024873030167682122 0.5693919262034525 0.3876463297526188 0.017819046520499045 
0.0002711346537767931 0.02494048554686609 0.568288813814867 0.38859678436914574 0.017902781615344397 
0.0002785428133937895 0.025205433784093394 0.5663043565433693 0.3897780869289158 0.018433579930227713 
0.00027924293792893387 0.024865116781924802 0.5575730785970687 0.3981532505717007 0.019129311111376984 
0.0002801840120837855 0.024249490179411894 0.5408997092914487 0.4142544470513466 0.020316169465708845 
0.00029797491181732217 0.02472703099748005 0.5317343761536012 0.42147573136458183 0.021764886572519633 
0.00030000304607100207 0.02435195634696329 0.5212697205779758 0.43106115403318507 0.02301716599580493 
0.0003077883907337407 0.024498882676031612 0.5170143240662456 0.43329830857710694 0.02488069628988217 
0.00030214434139168056 0.024429682375278816 0.5199024741306502 0.4287987290802849 0.026566970072394478 
0.00029723290617934714 0.02474523960466846 0.5319989866610937 0.41582644440258737 0.02713209642547102 
0.0002819799178125548 0.024645720093906354 0.5489213038923849 0.4003072168268646 0.025843779269031558 
0.0002612620651915595 0.02412536118317174 0.5625123537166282 0.3891085585600147 0.02399246447499361 
0.0002610956582505185 0.02441436815558496 0.5702403463769676 0.3820756053687537 0.023008584440443243 
0.00026605043577207103 0.024897441921835982 0.5745197111042663 0.3777578610983883 0.02255893543973729 
0.00027296558390428887 0.02535467164650459 0.5765183046482198 0.37577365030436705 0.022080407817004287 
0.00027887571619934255 0.025622600019104973 0.5765490626842448 0.3760519343326725 0.021497527247778543 
0.000519081455481516 0.03394196733902297 0.5515574354920547 0.38540014256860017 0.02858137314484052 
0.0005474428178780916 0.034732399053768855 0.5487521998800896 0.3870407076380948 0.028927250610168778 
0.0005398113168917619 0.034431134014237225 0.5484614381857323 0.3883680801582403 0.02819953632489834 
0.0005027236478110423 0.03332514428295667 0.5507108463944996 0.38890415103764847 0.026557134637084253 
0.0004694995602080451 0.03227025548117799 0.5533562305204339 0.38887123200156093 0.025032782436619036 
0.0004658248679225225 0.0321090679975351 0.5538921849242395 0.3889404133018015 0.024592508908501346 
0.0004524206699068499 0.03167713918046087 0.5549424839487471 0.388856506796792 0.024071449404093084 
0.0004689792878926906 0.032200620778016976 0.5537372849130178 0.3890444801381182 0.024548634882954345 
0.00047322236818041517 0.03235002079767694 0.5528716918153572 0.3894402986336659 0.024864766385119426 
0.0004976094635569075 0.03305326626847591 0.5498393999244112 0.3907787743998965 0.025830949943659417 
0.0005570390005619931 0.03466588043508922 0.5437057519652896 0.3932880988781616 0.02778322972089764 
0.0006182344837404182 0.03621945308906706 0.5376228142763104 0.39545071167070467 0.0300887864801773 
0.0006415391961648689 0.03677655358147633 0.5359290714680374 0.3947736556049118 0.03187918014940954 
0.0006191201885970772 0.03622269491358432 0.5384678845027256 0.39209935864935097 0.03259094174574202 
0.0005842943516420448 0.03543014076794368 0.5416527301376671 0.38977716069736984 0.03255567404537734 
0.000511907682778566 0.03341835902917141 0.5459760476093054 0.38905854673946644 0.031035138939278176 
0.0004712189999477618 0.03222871274492591 0.5497767413845298 0.3876852132532647 0.02983811361733183 
0.00043692539537928336 0.031163907799461422 0.5530696697756166 0.38681456595154007 0.028514931078002747 
0.0004424935151336647 0.03141092549079581 0.5540763517116761 0.3860870227790329 0.02798320650336156 
0.0004825092046292468 0.03279507318217576 0.5533079835518696 0.38517244050039573 0.028241993560929782 
0.00036287504819905876 0.02867539703440274 0.5647802004900007 0.38293235222322414 0.023249175204173446 
0.0003625022074192705 0.028519095443785187 0.5631057223224349 0.38574227315556464 0.022270406870796088 
0.0003659565965535322 0.028660538758915673 0.5620191957766644 0.38707842603814724 0.021875882829719213 
0.00034015202487900736 0.027696107005392795 0.5643239047527435 0.38699679028175016 0.02064304593523468 
0.0003263253420611084 0.027184405828496842 0.5650130488793939 0.3875143975854685 0.019961822364579815 
0.0003221196771103578 0.027036254655472207 0.5643763952399685 0.3885163307050011 0.019748899722447963 
0.00033313101440733933 0.02748000040327906 0.5629115329859052 0.3890310797498879 0.02024425584652046 
0.0003335368647193446 0.027361903366352903 0.5596858206211274 0.39188606530326336 0.02073267384453705 
0.0003388694297660949 0.02709791929084156 0.548116605401854 0.40254245270796546 0.02190415316957273 
0.000371105142477203 0.02785507398796764 0.5351704351447184 0.412534195163221 0.024069190561615907 
0.00038450646466986396 0.027972339697510028 0.5266544048067181 0.41937867295331 0.025610076077792202 
0.00038029082178431874 0.027788402850335816 0.5252272985005063 0.420322794857622 0.026281212969751437 
0.00038262518272098346 0.02794681096609356 0.5283517874651819 0.4162534647200317 0.027065311665971772 
0.0003738644302384608 0.02795998384435007 0.536725267307803 0.40725076470999155 0.027690119707616773 
0.0003545020578806122 0.02770193541635471 0.5493692843940258 0.39544535678954246 0.027128921342196473 
0.0003089730210847031 0.02624024937287187 0.5611819287366292 0.38722910844200775 0.025039740427406455 
0.00030083243939198873 0.026164425128359745 0.567113467768079 0.3822952238763642 0.024126050787805022 
0.0003172495223520932 0.02697493095085276 0.5675352868047958 0.38088821653981736 0.024284316182182002 
0.00033176481525129515 0.02765463337426858 0.5679947800790499 0.379917813836745 0.024101007894685358 
0.0003501829550515167 0.02835700113875817 0.5671076205565442 0.38035016190383464 0.023835033445811518 
0.0018380994419069845 0.058259116591460686 0.5020910123881752 0.3875144164154126 0.05029735516304451 
0.0018195892748915695 0.058034779837768495 0.5024670292066896 0.387579987451262 0.050098614229388334 
0.0017959089481052212 0.057726058209593416 0.5029950362489409 0.38765953111487084 0.049823465478489565 
0.0018062617057823657 0.057863009855288215 0.5027575163110902 0.3876230388858021 0.04995017324203711 
0.0017680992713107187 0.0573852475705361 0.5035779697974856 0.38776554849835615 0.04950313486231127 
0.0017466974029402658 0.05709928470511981 0.5040877273511186 0.3878495297654756 0.04921676077534566 
0.0017734525096078232 0.05744191985273642 0.5035038012635481 0.3877561875908749 0.04952463878323284 
0.001860301190656878 0.05856106133748856 0.5015608672927319 0.38743435472017385 0.050583415458948636 
0.0015230679613920583 0.054020357577989536 0.5094852346931908 0.3886179631512716 0.04635337661615594 
0.0014781089082698355 0.05338981002317666 0.5107225895560269 0.38884981010511976 0.045559681407406946 
0.0014399555541303255 0.05282756757577808 0.512043618680795 0.38917050904576794 0.0445183491435288 
0.001482098884998893 0.053438937000722615 0.5109523583461981 0.3890279696045509 0.045098636163529465 
0.0015351172277797008 0.05420022370227261 0.5095069071613576 0.3887904858853308 0.04596726602325923 
0.0015800245448566413 0.054846482169231776 0.50820348509451 0.3885418517390827 0.046828156452319074 
0.0015665108013659455 0.054629484400582434 0.5084540846819698 0.3884915558337147 0.04685836428236718 
0.001520691587923365 0.05395767021067256 0.5095987903208061 0.38861074969642406 0.0463120981841739 
0.0012681511132893624 0.05002969630461995 0.5169191655543239 0.38949273023130565 0.04229025679646118 
0.0012923205401355461 0.050497523652151474 0.5163441434496392 0.3896476085178143 0.042218403840259384 
0.0012439811801264837 0.04972860890428434 0.5181726374936676 0.39005182375398173 0.040802948667940014 
0.0012484868035051002 0.04979044029704214 0.5182255108047665 0.39013250029222846 0.04060306180245776 
0.0012647419801860489 0.050012751173831506 0.5177410373346208 0.39001215307035303 0.040969316441008485 
0.00130674954945659 0.05061328518343205 0.5163613772819923 0.38967220304325717 0.04204638494186189 
0.0013207657143321958 0.05075871997188005 0.5157288238607177 0.3893555243749494 0.04283616607812077 
0.0012599631739334729 0.049775373578578634 0.5172860237994042 0.3893741420045283 0.042304497443555425 
0.0013113550566033803 0.05079226267917089 0.5163318176911428 0.38991048271803475 0.04165408185504822 
0.0013465558247281622 0.05133304534673873 0.5151013170518427 0.38964500245573896 0.04257407932095153 
0.0012939666556417225 0.0504545897909777 0.5163110130330214 0.38952862217467404 0.04241180834568507 
0.0012872327689933134 0.05034454564992585 0.516171587582515 0.3893366513109848 0.042859982687580955 
0.0012956591526240633 0.05051039885172915 0.5158580960300864 0.38932746557477416 0.04300838039078621 
0.0013390140206676138 0.051201452211837355 0.5148439174370243 0.38935644728429397 0.043259169046176625 
0.0013102117561420044 0.05078242382463144 0.516026446483017 0.389722152069351 0.042158765866858544 
0.0012680541295507569 0.05011181690360407 0.5176129675000674 0.39006696155561077 0.04094019991116693 
0.0016167119302825808 0.055385642533801314 0.5074367721775271 0.38854352209955006 0.047017351258839025 
0.0015945254944373158 0.05507725431016082 0.5077679611867021 0.388488613911171 0.047071645097528626 
0.0015670382596241412 0.05467301693997556 0.5083472560195537 0.38849084198849193 0.046921846792354754 
0.0015663621001183298 0.05463090947741892 0.508396243348181 0.388461841291315 0.04694464378296675 
0.0016092238168328432 0.05520266466856617 0.5074349914664396 0.3883288844050924 0.047424235643069045 
0.0016933510551577478 0.056377606497963216 0.5054453411912025 0.3880886791325023 0.04839502212317416 
0.0016167423673690436 0.05530325058572589 0.5075655055414924 0.3884896777320106 0.04702482377340213 
0.0016003948374376466 0.05510751245056356 0.5080860161441934 0.3886730452834044 0.04653303128440099 
0.0018484596837371316 0.058464997851632554 0.5017066689264287 0.38749084843418113 0.05048902510402054 
0.0018462172336642165 0.05844884938953554 0.5017224475958809 0.38749506472469997 0.0504874210562193 
0.0018910099655574557 0.058988186979764386 0.5008045958320427 0.38732520709604384 0.05099100012659146 
0.0019583572807740485 0.0598179474636402 0.4993873175400214 0.3870752024501938 0.05176117526537046 
0.001964804113133345 0.05992087464866006 0.4992074315435788 0.3870582848470534 0.05184860484757453 
0.0019923600312157586 0.060264680579302954 0.4986396677337997 0.3869701558487069 0.052133135806974484 
0.0019528249823025097 0.05977478072292757 0.4994975631349081 0.38712930797734785 0.05164552318251401 
0.0018972105158110049 0.059078417101636575 0.5006769022423856 0.38732593290637374 0.05102153723379315 
0.0021336978519842587 0.061875333305968803 0.49590159393775013 0.38641202287265586 0.05367735203164097 
0.0020428814757973797 0.06080044657143048 0.49772446776301926 0.3867553123143498 0.05267689187540317 
0.0021654004809718505 0.062200873351324695 0.49536494075750354 0.38628599409689346 0.0539827913133066 
0.002304102293627593 0.0637591284319456 0.4927456610418488 0.3857540435573825 0.055437064675195505 
0.0022194949675144867 0.06274074800785463 0.49447589702525113 0.3860739786645911 0.05448988133478855 
0.002147861452117953 0.06192399134375844 0.49585042865557516 0.3863496388300558 0.05372807971849252 
0.0022072291250716594 0.06262674346231388 0.49465804838251154 0.38612585003615185 0.05438212899395101 
0.0022287848940506314 0.06293778940242105 0.49411673165814296 0.38604754441711026 0.05466914962827519 
0.001685161963858175 0.0562675533714413 0.5055262648574405 0.3880512662818454 0.048469753525414654 
0.0017389928178803502 0.05701413933508278 0.5042168028385987 0.3878671313505331 0.049162933657905014 
