0.10479477972548647 0.6021155312488861 0.2476752261868418 0.025004877383122192 0.020409585455663546 
0.07347855332173157 0.49223562436111495 0.3932046694851141 0.022308716461102097 0.01877243637093702 
0.11732610614306342 0.6188095909437118 0.2239398433054488 0.014633701754246588 0.025290757853529522 
0.07127632369431483 0.5167174302963334 0.37877433137303296 0.010725018481562255 0.02250689615475656 
0.0816880422251008 0.48781849285556783 0.3848010326365196 0.024857214362300473 0.02083521792051123 
0.08248100620820499 0.48963681724837127 0.3822982622197471 0.02360520295681284 0.02197871136686382 
0.07952644121751201 0.5155327318257451 0.3679572619518915 0.011976572582574858 0.025006992422276525 
0.07982430671867297 0.5101756146251941 0.37255526883818546 0.012315014314597458 0.02512979550335014 
0.12175229399416444 0.6163095126661332 0.22222674363006606 0.013260414129678086 0.026451035579958215 
0.12228746225162941 0.6173807292149672 0.22120505966324147 0.013192967690833467 0.025933781179328527 
0.10576376441858774 0.6030239077717253 0.24648773220327433 0.024866389009084066 0.0198582065973284 
0.1076661371896169 0.6026530362056864 0.24544976841288718 0.024165519309992816 0.020065538881816607 
0.060668399262143125 0.5116779488706518 0.39839634772938676 0.01002520910530612 0.019232095032512195 
0.06596730434245542 0.5074303855751893 0.3950014536601219 0.010791688770189467 0.0208091676520438 
0.08547247679557077 0.5107293422963243 0.36447417292235074 0.013298992404845528 0.026025015580908792 
0.12314754140711344 0.6053536375798341 0.228679784949842 0.01614696890120765 0.026672067162002926 
0.06385875479314888 0.5028229963458296 0.3985264530061806 0.017423539400885823 0.017368256453955008 
0.0625265691323898 0.4924483238909488 0.41006099656338046 0.017554749310109058 0.017409361103171834 
0.07746092534671456 0.4979772132911084 0.3841518898585799 0.018594277642549624 0.0218156938610475 
0.1110713952339093 0.5981325574175278 0.24523780781037852 0.023783113239997357 0.021775126298186846 
0.08493670655455994 0.5112971006184952 0.3586206696576541 0.024432065248840357 0.020713457920450592 
0.09613106535796323 0.5050213884135907 0.3475608070681616 0.028377237834256056 0.022909501326028425 
0.10207621186275574 0.5030947287115102 0.3407475610620515 0.028840736474292326 0.02524076188939028 
0.1026644477514687 0.5090004407569061 0.33632166368655564 0.02512872584138012 0.02688472196368932 
0.10783372683762979 0.5276871509632114 0.31787364840930976 0.016199885273636236 0.03040558851621265 
0.09833611498580469 0.5225174787817076 0.3353122503864668 0.014276011044040207 0.0295581448019806 
0.09618777396728712 0.5318251640610836 0.32990045564835163 0.013374977313935863 0.02871162900934172 
0.08438827801688747 0.5292679247132787 0.3489247388386964 0.0120881974179823 0.02533086101315512 
0.10696504857756657 0.5987820057552772 0.24793529987370566 0.024347970606397405 0.021969675187053183 
0.11433806129774152 0.6122854485420764 0.23098975932557356 0.017592699921657275 0.024794030912951126 
0.08440045377760737 0.5257581661568852 0.34726622558850495 0.021016754250382803 0.02155840022661953 
0.07696624327762533 0.5260883298759337 0.36177804279937825 0.012447147674071495 0.02272023637299112 
0.11108418588011006 0.601273067419266 0.24207460731883487 0.02168775021234321 0.023880389169445827 
0.07509175692326299 0.5238894397022863 0.3647406664744894 0.01530283147889183 0.020975305421069578 
0.055933420640730466 0.5068191856767371 0.40832447226898394 0.011983764761156104 0.016939156652392283 
0.057979213422281246 0.5016970068725285 0.41065626591188126 0.012035075492474729 0.017632438300834427 
0.08027354155812395 0.5072628094486131 0.3744608430605404 0.014483942327185705 0.023518863605536754 
0.10572482273244592 0.5217023917857203 0.3241985677591243 0.019677951923066393 0.028696265799642812 
0.11731158630203994 0.5977969118764584 0.23940403293780466 0.020874631843995378 0.024612837039701543 
0.1217039428920769 0.5607608513633454 0.2697442860071579 0.015547496601513288 0.03224342313590655 
0.11491893164997939 0.5583188174712628 0.28086377967351706 0.014678845517882646 0.03121962568735813 
0.10885382556364681 0.5602551658077848 0.2873092403049515 0.01464518878282118 0.028936579540795756 
0.10385114793166347 0.558810035979982 0.294150137173391 0.016197547741478347 0.02699113117348519 
0.10211664158348635 0.5562619700454448 0.29626970472593256 0.019726391609809362 0.025625292035326926 
0.10497421708274664 0.5574697692146724 0.2885266865827071 0.02395817340647922 0.025071153713394627 
0.10198216498911747 0.5493711440877784 0.2987662664940815 0.026462443827333818 0.02341798060168875 
0.10660776368610952 0.5523768846653229 0.2890574669526141 0.028784958101367303 0.023172926594586273 
0.113483974388023 0.545970834757045 0.2855256753399372 0.029749610427995878 0.025269905086998848 
0.11794141299239205 0.5447797691016919 0.2818635484653309 0.02753247171167768 0.027882797728907515 
0.12253462192754187 0.5521437461672791 0.27239634697484694 0.02259049422386462 0.03033479070646749 
0.1256288779042802 0.5622677825887614 0.2624676914386063 0.017878552161503556 0.03175709590684829 
0.12614293669482812 0.6005919870352356 0.22992980809260774 0.014580341804977732 0.02875492637235077 
0.12408817278217639 0.5918936752137509 0.23977811145803066 0.014443775556657242 0.029796264989384896 
0.11947134660948512 0.5988048366769196 0.23895285251205428 0.014985258631774565 0.027785705569766332 
0.1155218583445944 0.5963596292629725 0.24411617378747993 0.01736933174086021 0.02663300686409291 
0.1127577814347984 0.5884525094517763 0.2518031400940293 0.021298692422177887 0.025687876597218124 
0.10948514158690033 0.5833963263614876 0.2583329073991594 0.024780103204037025 0.024005521448415643 
0.10702535790931339 0.585113612337638 0.25906186774264817 0.02655183094715476 0.02224733106324567 
0.1066782787224094 0.5930041368409754 0.2528293664030781 0.02644565368442073 0.021042564349116333 
0.1100769893572378 0.5881844007959668 0.2535291749238726 0.026359121795814316 0.02185031312710857 
0.11585172641631618 0.582207241933521 0.25214318734524016 0.025272780456930318 0.02452506384799233 
0.1222692070084202 0.583806864180294 0.24493787180717558 0.021572442267231904 0.027413614736878193 
0.12689034327671542 0.5894981944378472 0.2367847656568494 0.0176394799653984 0.029187216663189505 
0.08635798380658832 0.6026262764308663 0.2618455286057321 0.004784871816716241 0.04438533934009696 
0.08430932916991189 0.5144424531301967 0.34253328694977564 0.006119773448449946 0.0525951573016658 
0.05884144091338872 0.5856163821662626 0.3214841268371233 0.0021960226022346937 0.03186202748099066 
0.06951859473282239 0.5084491067231394 0.37674182659659083 0.0037949491858877134 0.04149552276155963 
0.08296323226112497 0.5142328917342469 0.3452028871542807 0.005957572783606196 0.05164341606674135 
0.08104755403361433 0.5206801080037916 0.342741354901247 0.005609685541675419 0.04992129751967166 
0.06648214796213663 0.5102682512261723 0.38016007657818063 0.0035090051585267273 0.03958051907498395 
0.06673034037697852 0.5145547293092799 0.3759896327615625 0.0034075089616414146 0.039317788590537625 
0.0549704908201596 0.5903117103080148 0.3234508037270057 0.0018589445738790213 0.029408050570940914 
0.05362082947672367 0.5957511066967568 0.32049541281746774 0.0017389702381763591 0.028393680770875437 
0.0819515919825278 0.6176743918227677 0.2553896451902411 0.004096030030352283 0.04088834097411117 
0.07663784272971362 0.6254151534432614 0.25664219264538496 0.0034558406122212107 0.037848970569418904 
0.07407372847508999 0.5078213953475352 0.369329761215085 0.004271662441782489 0.044503452520507455 
0.06958294998937524 0.508962813989931 0.37612047050947217 0.0038007317298040604 0.0415330337814177 
0.06967520221027544 0.5155779025611703 0.3700322661020268 0.0036511388584919407 0.04106349026803548 
0.05648808095737228 0.6026999940033655 0.3091468296287162 0.0019403853782165967 0.02972471003232952 
0.083082379756769 0.514513439215408 0.3450991387206518 0.005784006356940998 0.05152103595023026 
0.0806498948388838 0.5150421701724262 0.349168592841934 0.00543681720475448 0.049702524942001454 
0.0771423303610437 0.5250520744556978 0.34639561100596006 0.004785461875093671 0.046624522302204714 
0.0703764484176371 0.6223189910304788 0.26900079982835 0.0029284300919012415 0.03537533063163294 
0.08441724572453202 0.5233841282932175 0.33425920252856606 0.006006021592515052 0.05193340186116933 
0.0830505554614936 0.5220277431831432 0.3377807078836585 0.00592308857642233 0.0512179048952824 
0.07961276843340594 0.5350426857000218 0.3322322298429211 0.005205288784562027 0.04790702723908913 
0.07493447345045078 0.5470717466862396 0.3299583492387907 0.004246725743767142 0.04378870488075181 
0.0688564443022081 0.5252939938659332 0.3623792607120294 0.0034336279272343825 0.040036673192594976 
0.06622384000655727 0.5299127908160702 0.3625446558208245 0.003143515396386434 0.038175197960161424 
0.0671912000510375 0.5175666057890171 0.3722989317235631 0.0034292894404687442 0.039513972995913325 
0.07100384349652239 0.5179559008424421 0.36529923628670696 0.0037976265911546063 0.04194339278317387 
0.08676612738527431 0.6021939473754818 0.2616507888937965 0.004775319877379694 0.044613816468067787 
0.06675271856223854 0.5827541486732493 0.3111621151056257 0.0029605065509928055 0.03637051110789352 
0.08307580315977474 0.5277031260133732 0.33306118856435835 0.005617342401601452 0.05054253986089243 
0.07511699342401917 0.5172705303530634 0.3583844317484202 0.004305739948503681 0.044922304525993544 
0.0794968643524682 0.5929874989781563 0.28132303805067865 0.004155908118316529 0.04203669050038045 
0.07940923437033248 0.519989562105748 0.34732123218181704 0.004996222042382617 0.048283749299719805 
0.07914295886289885 0.5107748771963844 0.3567237336932591 0.0050132475417217345 0.04834518270573592 
0.07560599952460799 0.5124002881154519 0.36181768978547796 0.004514818915086969 0.04566120365937529 
0.0729720242951774 0.5194283315012991 0.36016376541499895 0.00405229977079504 0.04338357901772957 
0.07123802265952951 0.5353261835612673 0.3480473960169713 0.003749769895141763 0.04163862786709021 
0.06319329166321495 0.6151901832641352 0.28661406453631527 0.0024022127367027174 0.03260024779963188 
0.060912837559651906 0.5638446205517323 0.33898377929448087 0.0024611269719013486 0.03379763562223368 
0.06487736839344552 0.5477559305966238 0.3475263299844436 0.0029345721434700855 0.03690579888201698 
0.06869493050142501 0.5434515766048612 0.3448428337952857 0.003367663986363803 0.03964299511206426 
0.0732315966555128 0.5363716706698499 0.3432710901041198 0.003986010121872546 0.04313963244864481 
0.0775242075614338 0.5437056248817125 0.3285237318545981 0.0045714603430107165 0.04567497535924488 
0.08311395951836137 0.5555022682866841 0.3083255614627278 0.005238035089932579 0.047820175642294245 
0.08455002935885458 0.543005407072971 0.316675739532694 0.005763654697298863 0.05000516933818165 
0.08286066031038929 0.5499418347301271 0.3133658722626846 0.005471548370715954 0.048360084326082985 
0.07838295523649422 0.5674442618729336 0.30551529762370405 0.004521836635253917 0.04413564863161421 
0.07439705397468796 0.5784379645196628 0.3025265539727105 0.0037749253885721664 0.040863502144366716 
0.06974478984127752 0.568685046797561 0.31944629014428944 0.003313625740478822 0.03881024747639302 
0.0646720956898778 0.5558150350321526 0.34038349502140625 0.0028481679135414885 0.036281206343021996 
0.05539505926109535 0.587292748369436 0.32565814275842203 0.0019076510095765932 0.029746398601470162 
0.058412395146555954 0.5790845862443909 0.3284109516981449 0.002188445173757719 0.031903621737150646 
0.06256576619558964 0.5726551451329766 0.32750453967642695 0.0025937504891856947 0.03468079850582115 
0.06890521085345913 0.5630774028535879 0.3256580380450446 0.003323178606972889 0.039036169640935474 
0.07668884088722583 0.5744072152023485 0.30229085190985555 0.0041206588830780535 0.04249243311749219 
0.08498552968260915 0.5878517525211441 0.27700714921524144 0.004865144078122238 0.045290424502883266 
0.08556205307099157 0.5762419816273906 0.28611537933579145 0.005252532940338401 0.0468280530254879 
0.08281607026516902 0.5939601111483773 0.2749465677379113 0.004622333644923812 0.04365491720361856 
0.07806309511926385 0.6072173666423962 0.27077972269099276 0.003837839705773389 0.04010197584157396 
0.07263911180881624 0.6082940723166953 0.27841779659580224 0.0032428858714681355 0.037406133407217865 
0.06412943319848095 0.5986894308635268 0.300752165691156 0.00256919762647901 0.03385977262035744 
0.05719315224569543 0.5871155690696187 0.32290890900386066 0.0020567877506819997 0.030725581930143166 
0.11535286504735395 0.6030690905137086 0.22725219743952813 0.010546644807641732 0.043779202191767466 
0.12342448494076133 0.5387745104608741 0.25673221729333895 0.015592401983087083 0.06547638532193842 
0.08638019350611907 0.6091114444782818 0.25623477137873557 0.0053215546203233275 0.04295203601654029 
0.08419344436112927 0.5064692498262332 0.3499335549141216 0.007141711991007714 0.05226203890750821 
0.12403941750002181 0.540626124617529 0.2539882569668186 0.01572088661422044 0.06562531430141018 
0.12218645583534792 0.5462204705215933 0.25240095786723266 0.015100013656105008 0.06409210211972113 
0.08300136588234865 0.51026542279424 0.34857262779589704 0.0068724146160034395 0.05128816891151085 
0.08473736448738678 0.5140789675237911 0.34216278388795923 0.007242367196412129 0.05177851690445067 
0.08075808349588119 0.6257542110765499 0.2497780903440739 0.004179815367176106 0.03952979971631879 
0.08018936802228821 0.6330569495612418 0.2443930636495054 0.0041314966479875015 0.03822912211897716 
0.1124227893991343 0.613645853328999 0.2234113964313463 0.009717067304982941 0.04080289353553744 
0.10662098116708621 0.6240726964872007 0.22168500267012187 0.008608343819807117 0.03901297585578413 
0.08910673758464431 0.5077939317475233 0.34061629383326647 0.008199645910349565 0.05428339092421621 
0.08949936631345681 0.5065110049607119 0.34134226675242463 0.008450731560358101 0.05419663041304866 
0.0911770144496839 0.5193756997205832 0.32703351374970313 0.008608493979060763 0.053805278100969134 
0.08485932795266601 0.6342379056573458 0.23752969909797672 0.005014326809026814 0.038358740482984474 
0.11777727698435932 0.5293327395980177 0.27487211822794394 0.014410262269093614 0.06360760292058523 
0.11919671394800616 0.532706403582287 0.2692296395903029 0.014781875124216484 0.0640853677551875 
0.11641143151246375 0.5479675195976714 0.26071100625341975 0.013707468498325938 0.06120257413811909 
0.10017418061525533 0.6310246036901582 0.22285457297699254 0.007519874783660869 0.03842676793393317 
0.12189571961503318 0.5449218664380033 0.2544617189750148 0.014927348213799112 0.06379334675814963 
0.12237976142673548 0.5532726499397903 0.24657901218068343 0.014831891342437445 0.0629366851103533 
0.11770317684630148 0.5662242381569392 0.24378093015890961 0.01335924368622322 0.058932411151626535 
0.11173462513276292 0.5684353728867043 0.2513292879071831 0.012037877871586628 0.056462836201763025 
0.09243277844926628 0.5381832517235065 0.3084451327557218 0.008500561741015407 0.052438275330490156 
0.08399739034394525 0.5337442968836502 0.3259543898707489 0.006615647226299779 0.04968827567535603 
0.08243638093002835 0.5175427166926757 0.34291525805106987 0.006461646031656622 0.050643998294569434 
0.08554705108758547 0.5191492888560357 0.33617202070972435 0.0070486750157685 0.052082964330886085 
0.11095566746439714 0.60468001453316 0.2306212336079991 0.009825911088820303 0.043917173305623516 
0.09438731713821004 0.6068902983081901 0.24772167123092836 0.006852850552445389 0.04414786277022604 
0.11506150800646095 0.5440830791209673 0.2675560732425884 0.01312445520014298 0.06017488442984032 
0.09339625396205767 0.5215496003477205 0.3214304369436951 0.008740001146134015 0.05488370760039269 
0.1028560369270253 0.609639095356315 0.23558374438030688 0.008368880479698335 0.043552242856654634 
0.1045003463745513 0.531717377539114 0.2951546986411665 0.010951025489811037 0.057676551955357064 
0.10318714413872794 0.515432850791417 0.3113905248942166 0.011234743366753704 0.058754736808884905 
0.10514394178044974 0.5156702275769938 0.30785052382294587 0.011859549003770972 0.0594757578158397 
0.10568808227144033 0.531048909487728 0.29323851959135444 0.011690474575823217 0.05833401407365405 
0.10360543596055917 0.5553666424728861 0.27559995400840187 0.010615207212577494 0.054812760345575424 
0.09275714875106847 0.6365095128641407 0.22644965417633933 0.00628650353423894 0.037997180674212504 
0.08207178063412428 0.5808538791833348 0.2874146171722597 0.005280644119895756 0.044379078890385455 
0.08315276519580757 0.5536442675373665 0.3095729023363676 0.005820700849682733 0.047809364080775796 
0.08843955261468053 0.548565195830887 0.30557978840472505 0.006948080853926226 0.050467382295781044 
0.09635095897972179 0.5464362174918208 0.2951578852486284 0.008708937218994982 0.053346001060833835 
0.10622806362631469 0.5626652466038378 0.26656278202410927 0.010440413048362828 0.05410349469737535 
0.11438870128049046 0.5762921318570099 0.2441607482689931 0.011762765093337782 0.05339565350016867 
0.11916312078401932 0.5664671784786626 0.2430437150043416 0.01334537203382009 0.0579806136991566 
0.11778691151398316 0.5788095503505087 0.23610697368524083 0.012590922174412824 0.05470564227585444 
0.11356925987368326 0.5910276800200681 0.2330012390897241 0.011377783406885543 0.05102403760963909 
0.10919407921492874 0.5927972878095633 0.2370248323383078 0.0106300866738364 0.05035371396336374 
0.0993922384076176 0.592647038191218 0.2514242951980558 0.008710772483653727 0.04782565571945505 
0.08907501370295351 0.5690386439947646 0.28699952188209965 0.007092344474575177 0.047794475945607116 
0.08015098640221181 0.6197725133003084 0.2560220939141325 0.004243624067337469 0.03981078231600974 
0.08209983510090217 0.6028450368667427 0.26792640470589324 0.004714285776340632 0.042414437550121246 
0.08620234181618572 0.5859732028414053 0.27648767341584657 0.005666586057963937 0.04567019586859839 
0.09369839046120552 0.5836591166317302 0.2676754045675542 0.0072196485561060566 0.04774743978340398 
0.1051677071395273 0.5957160075405248 0.24285009237915098 0.009200877816870064 0.047065315123926824 
0.113983732255111 0.5962692360804899 0.23234862463022646 0.010714201417566606 0.04668420561660607 
0.1169382418120742 0.5897563245463305 0.23233959282861275 0.011602573089003136 0.04936326772397929 
0.11471113858793343 0.6011024913426246 0.2278128674486676 0.010738297716064075 0.045635204904710285 
0.10943780596670136 0.6117580505870821 0.22600254116118407 0.009625345260497001 0.04317625702453544 
0.1030061344184364 0.6181547299866154 0.22838337345866183 0.008456699227959717 0.04199906290832668 
0.09374034539920206 0.6257838135293048 0.23345634246744792 0.006720152243153025 0.04029934636089222 
0.08489529152634094 0.6134447645378553 0.2549098624125452 0.005380870837666228 0.04136921068559249 
0.0723865587764647 0.6214831557130781 0.25540078684892153 0.038894714057628677 0.01183478460390687 
0.05723393633835374 0.49059714666375354 0.3994895085400975 0.04018123761764642 0.012498170840148858 
0.06282354434216049 0.6279960563684583 0.24841960020852832 0.05179516015503093 0.008965638925821926 
0.07664840562717538 0.5349689178488541 0.2958572349546163 0.07755049448397493 0.014974947085379163 
0.05919667014728394 0.485042207210232 0.4003129826447074 0.042364139276505994 0.01308400072127062 
0.06748965725571718 0.49634811833293163 0.3720226544949457 0.04946381462043695 0.014675755295968599 
0.07745833078031555 0.5304655291494484 0.29828883238089987 0.0784146406135867 0.015372667075749571 
0.07703730049754187 0.5347232164046739 0.29575642383595535 0.07735262758504934 0.0151304316767796 
0.061419095355299734 0.6303901038439325 0.24705791935112228 0.05270353793760653 0.008429343512039094 
0.061182609677518804 0.6314592398901461 0.2465994177764512 0.05239228303588666 0.008366449619997166 
0.07217212509177945 0.6239829969220859 0.254247063912545 0.038006959480832506 0.011590854592757155 
0.07119082621725237 0.6269080699116883 0.25276075584252566 0.03793095160964076 0.011209396418892853 
0.07673039343027473 0.5249828118511801 0.3065043120509966 0.07637265795419385 0.015409824713354732 
0.07748116543465215 0.5194994439279202 0.3105418901706792 0.07659575741307181 0.01588174305367659 
0.07731081321683472 0.5275341126656425 0.30417480641139344 0.0754292403093942 0.015551027396735317 
0.0630945863606697 0.6270691003950498 0.24862222088016142 0.05217206710321879 0.00904202526090023 
0.06174562015211969 0.4865610271579684 0.3895261681125718 0.04857910577364657 0.013588078803693608 
0.06731898504541844 0.4881421687204231 0.37461816808077447 0.055071523221542185 0.014849154931841767 
0.07310711650971322 0.5007587966478526 0.3509618812934313 0.059344700613497815 0.015827504935504905 
0.07139548154817722 0.6202947330729565 0.25393906834750685 0.04294696230997767 0.011423754721381884 
0.06188062406405812 0.513861873521354 0.3694647599016009 0.04187828556717845 0.012914456945808502 
0.06534933981661184 0.5160013411661907 0.36205255493442373 0.043063126787620545 0.013533637295153137 
0.07328501593708672 0.5227634767133215 0.33797771505277524 0.05083715057056169 0.01513664172625494 
0.07618505403219586 0.5229913143585525 0.32684155825848077 0.05815942760463182 0.015822645746139008 
0.07654461932639944 0.5404182582064687 0.2959326898832519 0.0721683582841853 0.0149360742996946 
0.07418994788352304 0.5565062130030864 0.28367535551936424 0.07193734442432817 0.013691139169698071 
0.0749291408362802 0.5491962828663546 0.2871931111871471 0.07460525018329138 0.014076214926926815 
0.07550040216356797 0.5429016945843694 0.2928245449814571 0.0743168675208565 0.014456490749748993 
0.07148330547471683 0.6206012437914994 0.2558958951464589 0.04024035813061099 0.011779197456713866 
0.06673433139261577 0.6204150842644659 0.2524188333670643 0.05000069817069365 0.010431052805160436 
0.06380305051120817 0.5079776908682977 0.36674976363627715 0.04797587375638795 0.01349362122782907 
0.07528445260998858 0.5259370278104282 0.31188398968318976 0.07181128364793579 0.015083246248457626 
0.06947638171549059 0.6207485301714609 0.25459161731422 0.04383725277289896 0.011346218025929415 
0.07124193071086206 0.5147399082813 0.3376961864371635 0.06155400572095818 0.01476796884971617 
0.07249721488713388 0.5027088045596091 0.34301604721365264 0.06637795522932087 0.015399978110283607 
0.07525165840777372 0.5047099477376514 0.3342035653663733 0.06978507614116954 0.01604975234703202 
0.07598770895442773 0.5113766190500989 0.3280889834615673 0.06854396132275968 0.016002727211146404 
0.07720149184885408 0.5341381348947704 0.30676105826258143 0.06635167237033067 0.0155476426234635 
0.06687939831206047 0.623275247034698 0.2511865022754697 0.04843528049165052 0.010223571886121411 
0.06837424515872935 0.5964190841901635 0.2623173808320803 0.0618352835833099 0.0110540062357169 
0.06970030945369225 0.5858767290345757 0.2677818917734994 0.06497388684136794 0.01166718289686484 
0.07206294862798107 0.575858074191296 0.27295410079244836 0.06646294540944497 0.012661930978829497 
0.07462838947161052 0.5536820335939193 0.29056917493702966 0.06698160006975637 0.014138801927684023 
0.0728889669778958 0.5534993795003904 0.3022056175091571 0.05730861053164648 0.014097425480910338 
0.07017991649351012 0.55460699671244 0.31374712983415165 0.047869951159453715 0.013596005800444613 
0.07097027266618329 0.5586503391951124 0.3126544462232918 0.04416866523656918 0.01355627667884336 
0.07477468379378534 0.5686105938596647 0.29746808927951757 0.0451860298258995 0.013960603241132817 
0.07623571229171647 0.5684592889604002 0.2934787566818385 0.0475853799118186 0.014240862154226222 
0.07877500782381573 0.5581293500430272 0.2933513147899795 0.054534226374037965 0.015210100969139424 
0.07686409258107013 0.5700566561260556 0.28013199348338674 0.058613944119961764 0.01433331368952573 
0.07295253852969778 0.5777621957419368 0.2727943996342687 0.06357399851554658 0.012916867578550132 
0.06326540847985751 0.6230689039551173 0.2499432703054542 0.054641557150922934 0.0090808601086481 
0.06421515026948316 0.6178014130710884 0.25242212759711735 0.056124757589921984 0.009436551472389174 
0.06652184966113155 0.6113986508926256 0.25549076868125387 0.05624309807415938 0.010345632690829621 
0.07108215724942599 0.594084068283866 0.26521297935977844 0.057416739876884934 0.012204055230044718 
0.07144561280985341 0.5988895774578117 0.26761509071467215 0.049602201440730985 0.012447517576931702 
0.07235421217026536 0.6006623002805214 0.270370632554809 0.043978171300775644 0.01263468369362858 
0.07417023631913655 0.6031160082231226 0.26767373274862477 0.04220907753716379 0.01283094517195238 
0.07514940004903267 0.6058103814302872 0.2641971099655383 0.04201145377715746 0.012831654777984373 
0.07417887061252347 0.6127879306234809 0.2591133627366006 0.04160903023668454 0.012310805790710538 
0.0757950337044621 0.5972737526983137 0.2653081569831159 0.04844215866555226 0.01318089794855586 
0.0710870602631677 0.6080009847523539 0.257858121980022 0.05135146143494097 0.011702371569515473 
0.06650710313328036 0.6143025710515008 0.25414152841475146 0.05479494977718202 0.01025384762328526 
0.02773787549160463 0.5444395150675332 0.3907698283857263 0.034931746240611336 0.0021210348145245064 
0.016273423313146143 0.5116751039261603 0.44809040659294086 0.022512648868663138 0.00144841729908962 
0.009271696393336144 0.5507586277463 0.42467966935993273 0.01451503027714447 0.0007749762232865802 
0.005532121376087065 0.5307922195023165 0.4532724314124602 0.009824880122947882 0.0005783475861883653 
0.014985676028485143 0.5135638244362395 0.44914704525891064 0.020982743067311623 0.0013207112090531197 
0.013964354675304649 0.5163126323178302 0.44883129642873854 0.019720792378802598 0.0011709241993239712 
0.004895766348986055 0.5323312534413798 0.45319618325215666 0.009076989774861282 0.0004998071826160718 
0.004636611510535004 0.5330059228917083 0.4530770165810236 0.008821728437578657 0.00045872057915432717 
0.00820488568157183 0.5414451640004254 0.435564447407598 0.014158550207296457 0.0006269527031083987 
0.009777444567702962 0.5413237919358223 0.4314243389974761 0.01683584657695238 0.0006385779220463683 
0.02771180794586928 0.5356505467531033 0.39961065087717973 0.03499390147382868 0.0020330929500188073 
0.026412814229388553 0.5307817996620735 0.40732304828927196 0.03360464570356755 0.001877692115698289 
0.006934667243759755 0.5277656121315402 0.4529554962228533 0.011624870907432059 0.000719353494414581 
0.005815987005007098 0.5300840178032408 0.4531815908362723 0.01034292335678633 0.000575480998693582 
0.00501699878854235 0.5324451768043396 0.4527263899348508 0.009340049694276173 0.0004713847779912168 
0.012783459722641414 0.544135257459728 0.42188270445028175 0.020371315987764045 0.0008272623795848423 
0.014817399834100591 0.5139492994740033 0.4489180303020596 0.020950068510066495 0.0013652018797699543 
0.01239592318644918 0.5174818253773924 0.4509129782905817 0.01809058456228218 0.0011186885832946147 
0.01064334358215423 0.5213828639820917 0.45099184695551015 0.016076105861213958 0.0009058396190299821 
0.023063585096733553 0.5308709899997857 0.4143043206910315 0.030152010199056056 0.0016090940133932123 
0.017452282754308043 0.512421088478101 0.44472337829332975 0.02384665911175362 0.0015565913625074505 
0.017722848786714613 0.5135885887745829 0.4432509891193647 0.02393737210596895 0.0015002012133688285 
0.016788020905565408 0.5173660192535452 0.4416622532414762 0.0228594996911359 0.0013242069082772694 
0.012419050398573845 0.5217559158695622 0.44668954619030615 0.018157597419036088 0.000977890122521751 
0.005814380852878112 0.5319251082007522 0.4513237274061307 0.010437545498661008 0.000499238041578009 
0.004658481607933139 0.5335852453914202 0.4525151577843323 0.008794750092382238 0.00044636512393203895 
0.005141078618498874 0.5326558579598469 0.45238811928128103 0.009297307043044835 0.0005176370973283659 
0.006013559980351244 0.5308203502816535 0.4521671418545452 0.010367342785496572 0.0006316050979536264 
0.025432114192484166 0.5537474951515982 0.38675317502847406 0.03205699576794646 0.002010219859497445 
0.012909276854381145 0.5608736301991201 0.4072447571773002 0.017896588533825832 0.0010757472353728017 
0.016154843437709055 0.5183420247299376 0.44157598513638957 0.022421621637139486 0.0015055250588243546 
0.007808700503654698 0.5277215216018708 0.450945402445861 0.01269033988211956 0.0008340355664939951 
0.0196852878487502 0.5629089272611139 0.3905733488613739 0.025235394027596534 0.0015970420011656315 
0.011302302745136278 0.5237152899569918 0.4468765934803148 0.016944557195184833 0.0011612566223722681 
0.010878607768862113 0.5207956622565093 0.45084307885916836 0.016403057667255465 0.001079593448204771 
0.008860840057712755 0.52386460288514 0.4523895180277394 0.014050015654197102 0.0008350233752105686 
0.007288097064259944 0.5276449348499312 0.45221169706493863 0.012207548498439622 0.000647722522430601 
0.008668544761495749 0.5273509313049533 0.44928122215765726 0.013999654653704298 0.0006996471221896135 
0.017710769724991575 0.5401895624369051 0.41583376675798955 0.02506029125069082 0.0012056098294230954 
0.0057017076183822945 0.5338735192805499 0.4495475778619267 0.010392909272125371 0.00048428596701565065 
0.006113270764145487 0.5338573196549169 0.4486546956230048 0.010813176208566888 0.0005615377493660127 
0.006956689129712407 0.5332937302973334 0.44726862066361156 0.011785131620787434 0.0006958282885551722 
0.009240890200247459 0.5330979735649636 0.44219122165875907 0.01453246434794646 0.0009374502280834081 
0.01416116264650035 0.532628023579447 0.4318368981419176 0.02003150532538466 0.0013424103067503886 
0.01964038141818397 0.5315382831794485 0.4211258528385723 0.025970851269271837 0.0017246312945235185 
0.02167829924319249 0.523139209731937 0.4250545117293475 0.02829441577859401 0.0018335635169292154 
0.022454484997601772 0.521777485950575 0.42487678198820295 0.029108176311277965 0.0017830707523422752 
0.02112414816638738 0.5228668419106051 0.42669492015972976 0.02774405100885823 0.0015700387544196628 
0.015784857580991914 0.5259070711404128 0.43499588363124075 0.022155326058586593 0.0011568615887678913 
0.01116200997772931 0.5313447469490555 0.4393186413641317 0.017359216211779164 0.0008153854973043626 
0.007628059041490662 0.5332940391713156 0.44531745530847106 0.0131890016759741 0.0005714448027488012 
0.007707978191608922 0.5369601077624543 0.44112639764191774 0.013641742849232894 0.0005637735547860761 
0.0072485384635796535 0.5372323370200257 0.44224865254547746 0.012657679265220408 0.0006127927056967156 
0.008144475952525678 0.5411060284756608 0.43656130564248435 0.013456283777126848 0.0007319061522022531 
0.011006262431787737 0.5481056159311245 0.42363949071371787 0.016258234457340717 0.0009903964660290044 
0.016898904199313405 0.5526770364144122 0.40652992797908083 0.022447239409193992 0.0014468919979995108 
0.022791828518858376 0.5478888300807636 0.3983580555377117 0.02908907105155413 0.0018722148111121667 
0.025879902655098402 0.5399810108897516 0.3992821709649692 0.03280654493284293 0.0020503705573377603 
0.02626308430700874 0.5329728052447951 0.40542242980764154 0.033360943251182905 0.001980737389371903 
0.024876052723488584 0.5289449644370059 0.4124750553205216 0.03192081659618884 0.001783110922795176 
0.019889990378137275 0.5306761365909647 0.42123620431192904 0.026800323978328044 0.0013973447406409707 
0.014638523864048177 0.5387337545799539 0.423887255427415 0.021734864686353873 0.0010056014422290599 
0.010394924571854411 0.5393081766752178 0.4322972763124339 0.01730674875704922 0.0006928736834446313 
0.10257065293132438 0.6042818884209242 0.2481547097779192 0.025850339562833967 0.019142409306998315 
0.07084860849144439 0.48759788470153737 0.4006403235221539 0.0237327005938687 0.01718048269099547 
0.07032391285646707 0.6333937117744508 0.252450672746884 0.03244068340626879 0.011391019215929329 
0.04391081637586266 0.5080403056196567 0.4105501669987863 0.02806066183980583 0.009438049165888472 
0.07861907697202888 0.48471760058134633 0.3913465175850759 0.026286357570748608 0.019030447290800178 
0.07487894660438169 0.48662741489500044 0.39328904419808275 0.027212590523416107 0.01799200377911898 
0.05051920141450012 0.5056570132831784 0.40113662790099935 0.03190831550176141 0.01077884189956054 
0.050563149955032353 0.5004288837050319 0.4065758459881145 0.03154214315642678 0.01088997719539445 
0.06980393247186688 0.6304957349382597 0.25365998149791896 0.034941521875328466 0.011098829216625961 
0.07231742192815972 0.6314909312787435 0.2507701122812359 0.034297697870867457 0.011123836640993432 
0.10465277122477876 0.6042300691223337 0.24665617281976746 0.025390447129159378 0.01907053970396074 
0.10503684947408393 0.6052358618627931 0.24595746653496334 0.025376260324890414 0.018393561803269412 
0.03753021019373523 0.5038234674570905 0.42709787592732756 0.02316922166335169 0.00837922475849517 
0.04171466470995374 0.4976748315354272 0.42580923544779287 0.02554709209715641 0.00925417620966991 
0.053341523682807084 0.503563142366295 0.3997169517513284 0.0319945209987639 0.01138386120080563 
0.08134356224839197 0.6193020103415158 0.25201919303503456 0.0344049782926556 0.012930256082401937 
0.0566600387138778 0.4964314157682699 0.4118712158315035 0.02151424249805951 0.013523087188289299 
0.055254223437779644 0.4857243779582109 0.42390664201502554 0.021514261954849827 0.013600494634134118 
0.06151796332752129 0.4936808560761655 0.4038372049603467 0.026562366183963276 0.014401609452003266 
0.10299347962712165 0.6043238196700075 0.24770901911685267 0.027167774538773292 0.017805907047245034 
0.08160181430735568 0.5083630082825407 0.3651558667552302 0.026121065071042924 0.018758245583830553 
0.09406392827204432 0.5039713827592278 0.3510670440718319 0.029235968996730536 0.021661675900165298 
0.09565291218983102 0.5037148939064486 0.3471387340697395 0.03167460189014861 0.02181885794383231 
0.0860852306261423 0.5101977434938051 0.3514196719026856 0.033164102225996424 0.019133251751370813 
0.067860037321776 0.5267053230799191 0.35367935102162185 0.038026683367220884 0.013728605209462038 
0.061264808488906745 0.516724940031141 0.371971835614956 0.037419836273315056 0.012618579591681046 
0.058891766199499936 0.5277478252592764 0.36487242673718356 0.03657576872026826 0.011912213083771847 
0.05028229341470483 0.5269114686534734 0.38115408467468864 0.031328386512204924 0.010323766744928246 
0.09986481601646588 0.6043681128952382 0.2503623990879627 0.02692243418003616 0.018482237820297228 
0.07820660866942261 0.6261865909093998 0.2520664296059091 0.030379521430589033 0.013160849384679504 
0.07337952330556821 0.5243538504819648 0.35976702673572153 0.026373113620611417 0.016126485856134003 
0.04784711677489859 0.5244478608868015 0.38982870469170033 0.0277999739313413 0.010076343715258248 
0.09175683614122454 0.6119639979644981 0.2515649316695802 0.028444923363923253 0.01626931086077392 
0.054868393350982474 0.5216384042159464 0.38589450680822646 0.025677902461891583 0.011920793162953197 
0.04081470940273063 0.49886874905733003 0.4301328032563145 0.020600601429298194 0.009583136854326534 
0.0410106290851249 0.49323979507416316 0.4348737606749451 0.021218133528384395 0.009657681637382485 
0.05348922420311421 0.5018768330336705 0.4043225278577446 0.028532078760033573 0.011779336145436973 
0.07472568128559388 0.5226998813366439 0.35135065821196887 0.03552150779105665 0.015702271374736596 
0.09426032862092668 0.609740367919171 0.24974925976129572 0.030642035835850078 0.015608007862756524 
0.07323322890578093 0.5659944523423119 0.305531900372238 0.04164646804417022 0.013593950335498888 
0.06778477875057548 0.5641844912234806 0.3152896514828972 0.039995516046476824 0.012745562496569805 
0.0642755463817909 0.5680724029409833 0.3188327778412608 0.03671789004665952 0.012101382789305651 
0.06569893424589969 0.5665343499291599 0.3213719947189661 0.03378445641652137 0.012610264689452944 
0.07576393250703492 0.5626044927768248 0.3154484012296975 0.031208491274449777 0.014974682211993245 
0.09032296555893116 0.5623716437407368 0.2987839564216459 0.030301827213929614 0.0182196070647565 
0.09621083831414234 0.5506752336690129 0.30377305519274905 0.02912034569122241 0.020220527132873315 
0.10462011345102713 0.5530181321782094 0.2907535657957916 0.02965691909550153 0.02195126947947037 
0.10798535901728284 0.5492168964989274 0.2883999736450293 0.032019878184191664 0.022377892654568767 
0.10212427013442867 0.5512714484142045 0.29132276582621214 0.034670982629818756 0.0206105329953358 
0.09087417798445038 0.5601532262871547 0.2934238637341972 0.03797365559244163 0.017575076401756033 
0.08059678460424702 0.5697903783800314 0.29402238711322065 0.040660208038452626 0.014930241864048264 
0.07562685175417436 0.6132174631819378 0.26094131844122886 0.03778986561567211 0.012424501006986947 
0.07189496438636636 0.604048647405004 0.272688576438752 0.03901931836649086 0.01234849340338685 
0.0702199004859117 0.6123830875303288 0.26942119228305206 0.035963152885394 0.012012666815313667 
0.07493232812890006 0.6095285989322816 0.2691141005353862 0.03327621737014332 0.013148755033288835 
0.08749592967923596 0.5993852428205915 0.2662599412249777 0.030867701769913488 0.01599118450528138 
0.09845863726459123 0.5900298928554468 0.2636279944428444 0.029098104060343164 0.018785371376774388 
0.10349362004852214 0.5878195442985571 0.2604250022453763 0.0279968451372602 0.020264988270284147 
0.10541465977433637 0.594209653265872 0.25313941678963364 0.026991462514132897 0.020244807656025182 
0.10673896590206947 0.5910658885510909 0.2544614039354701 0.027769345233421366 0.019964396377948196 
0.10329684976172435 0.5902079335857311 0.25717184040743196 0.030539333473284608 0.01878404277182791 
0.09367210777082764 0.5958525748308313 0.2598521257360059 0.03427894776395579 0.016344243898379365 
0.08406168312767608 0.6019641056928778 0.26219968603390303 0.03750713278758105 0.014267392357962141 
0.05287676977845334 0.521793930334646 0.36310784182418065 0.056807300728370674 0.005414157334349241 
0.04892899094132278 0.4717302380988918 0.42196520082392047 0.052022656596373076 0.005352913539491937 
0.0359067941024887 0.5364079220667044 0.38357240246712804 0.04146520725335421 0.002647674110324583 
0.02306720771244046 0.5020970857592684 0.4433473177681794 0.02928768371101786 0.0022007050490940364 
0.047968429789250554 0.4725559201819816 0.4231927793866046 0.05106903800573741 0.005213832636425983 
0.04574300129617039 0.4763183714286104 0.4243091962691159 0.048821310313371565 0.0048081206927316055 
0.021014129904037164 0.5045821058423307 0.4451804808092245 0.02726269503819914 0.0019605884062085157 
0.021680212267605366 0.5045444773752603 0.4439627996935249 0.027850787974079454 0.0019617226895299825 
0.033992701461456984 0.5405370760399935 0.38324991692911664 0.03987995067508806 0.0023403548943448033 
0.03359896159108262 0.5426657397601733 0.38181117001090564 0.039740067935665334 0.0021840607021731606 
0.048554575527811165 0.5310137008734084 0.363441904739941 0.05232283464091438 0.004666984217925174 
0.04542981165630852 0.5377379672934689 0.3636828119270816 0.04912716218263614 0.004022246940504904 
0.029130297455424142 0.49494804810214627 0.4383130298342491 0.03473356727641048 0.0028750573317699326 
0.02437105268705891 0.5005844113474829 0.4425368279193951 0.030170610757320315 0.0023370972887427686 
0.025997914710113507 0.4999218527659141 0.44018974909365244 0.03149306878124179 0.0023974146490781203 
0.035703036120209676 0.5444036461623466 0.376128920386703 0.04140427044434581 0.0023601268863950565 
0.047598784809712254 0.4738146924355614 0.42253157667093527 0.05094558886183055 0.005109357221960504 
0.044620044958937136 0.4769799376815803 0.4257505803691078 0.04795576079022343 0.004693676200151193 
