7.15270398528144e-11 2.3705333694412593e-09 6.867840341043857e-07 0.49999965538695285 0.49999965538695285 
4.372341607073374e-11 1.4493080813824417e-09 4.1990602877499385e-07 0.49999978930046984 0.49999978930046984 
1.1451855768114346e-10 3.80999417748718e-09 1.1079688734936553e-06 0.49999944405330693 0.49999944405330693 
1.2031663131004568e-10 3.995929771732997e-09 1.15691730865553e-06 0.4999994194832225 0.4999994194832225 
1.1214048937097099e-10 3.731751640618145e-09 1.0868919897426867e-06 0.4999994546320591 0.4999994546320591 
9.538579193203175e-11 3.1966601301420906e-09 9.488777821071648e-07 0.49999952391508595 0.49999952391508595 
8.56920695737827e-11 2.89031201513032e-09 8.71887774512697e-07 0.4999995625681107 0.4999995625681107 
9.353269586078478e-11 3.143125820103973e-09 9.385095590184244e-07 0.4999995291268912 0.4999995291268912 
1.1395726004797475e-10 3.7961501824208e-09 1.107517284042409e-06 0.4999994442863043 0.4999994442863043 
1.2484976877705174e-10 4.142669871480787e-09 1.1961018167110968e-06 0.4999993998153318 0.4999993998153318 
1.2623696205236636e-10 4.186491005052572e-09 1.2071464007757865e-06 0.49999939427043566 0.49999939427043566 
1.2344323181488708e-10 4.0975514542475524e-09 1.1843285971145537e-06 0.4999994057252041 0.4999994057252041 
1.1947655302250462e-10 3.966076682474707e-09 1.1466013782038561e-06 0.4999994246565343 0.4999994246565343 
1.1327291336892084e-10 3.7474266777525935e-09 1.0744764946829969e-06 0.49999946083140284 0.49999946083140284 
1.1007392691659516e-10 3.6785517047831587e-09 1.0819460374716462e-06 0.4999994571326685 0.4999994571326685 
1.140707359926498e-10 3.814812640595009e-09 1.123661062008067e-06 0.4999994362050273 0.4999994362050273 
1.0631877553642705e-10 3.5666107123733326e-09 1.0594861131590017e-06 0.4999994684204787 0.4999994684204787 
9.338433937126841e-11 3.1504549656091293e-09 9.501753829026115e-07 0.49999952329038894 0.49999952329038894 
8.848498873065862e-11 2.991650349404875e-09 9.07679679613462e-07 0.4999995446200925 0.4999995446200925 
9.856461816312414e-11 3.311945689664345e-09 9.891508141016658e-07 0.4999995037193378 0.4999995037193378 
1.1843979727220235e-10 3.948131237601594e-09 1.1541637309818874e-06 0.499999420884849 0.499999420884849 
1.2497506317712728e-10 4.161237537779234e-09 1.2120551701181133e-06 0.49999939182930864 0.49999939182930864 
1.2164836722218884e-10 4.058774017251832e-09 1.1881689252028053e-06 0.49999940382532626 0.49999940382532626 
1.1566411241649588e-10 3.869129099111248e-09 1.1401984591033038e-06 0.4999994279083739 0.4999994279083739 
1.0913947164514063e-10 3.657487387161147e-09 1.082906274104058e-06 0.49999945666354956 0.49999945666354956 
1.0148691300174265e-10 3.396535286821695e-09 1.0026082059719592e-06 0.49999949694688595 0.49999949694688595 
1.0539361476604748e-10 3.524713269105378e-09 1.0396809521718752e-06 0.4999994783444705 0.4999994783444705 
1.1455779713542369e-10 3.8277193350771285e-09 1.1255752991901097e-06 0.4999994352412119 0.4999994352412119 
1.0872865692466587e-10 3.6435965166750027e-09 1.0796485598498333e-06 0.49999945829955744 0.49999945829955744 
9.631795711016124e-11 3.2466004799352057e-09 9.768390735244767e-07 0.49999950990900405 0.49999950990900405 
9.367719059863493e-11 3.1610416370375465e-09 9.54025681353791e-07 0.49999952135979997 0.49999952135979997 
1.0580433793091713e-10 3.5450462668433373e-09 1.050966369746722e-06 0.49999947269138983 0.49999947269138983 
1.277525598680184e-10 4.24202821254725e-09 1.2281275387620695e-06 0.49999938375134023 0.49999938375134023 
1.35555546553887e-10 4.493238694912369e-09 1.2942362999817983e-06 0.49999935056745287 0.49999935056745287 
1.2933127336164793e-10 4.299928092207117e-09 1.248020124023453e-06 0.4999993737753083 0.4999993737753083 
1.1886617017576195e-10 3.9692942871584596e-09 1.1650925324495647e-06 0.49999941540965354 0.49999941540965354 
1.0741584774756847e-10 3.602220553716057e-09 1.0690040442830648e-06 0.49999946364315967 0.49999946364315967 
9.600885901651637e-11 3.2260047840537645e-09 9.622525524959917e-07 0.49999951721271696 0.49999951721271696 
8.73189918488791e-11 2.9414377001489726e-09 8.855289038264584e-07 0.4999995557211697 0.4999995557211697 
1.0144075188224135e-10 3.3990626597614894e-09 1.0087191775172923e-06 0.4999994938901595 0.4999994938901595 
1.0189505388560075e-10 3.4123415019783864e-09 1.0112279362134488e-06 0.4999994926289137 0.4999994926289137 
8.994081188401339e-11 3.0293970844446413e-09 9.113982648399725e-07 0.4999995427411986 0.4999995427411986 
8.409868753921885e-11 2.845087539374253e-09 8.654102826025761e-07 0.4999995658302656 0.4999995658302656 
9.340161830649137e-11 3.1447611530363304e-09 9.447741963380925e-07 0.49999952599382047 0.49999952599382047 
1.1326854417661686e-10 3.777333923001619e-09 1.1070268560976506e-06 0.4999994445412708 0.4999994445412708 
1.2492324842388814e-10 4.147732041746394e-09 1.2014277130474522e-06 0.4999993971498159 0.4999993971498159 
1.231050625414377e-10 4.091726717014885e-09 1.1883392733970875e-06 0.4999994037229474 0.4999994037229474 
1.1473845457585609e-10 3.8274056166120445e-09 1.1220150236001383e-06 0.4999994370214162 0.4999994370214162 
1.036870383153584e-10 3.4735754095476517e-09 1.0296503200270475e-06 0.49999948338620875 0.49999948338620875 
9.190719708701068e-11 3.0880282556617887e-09 9.222115309433089e-07 0.4999995373042669 0.4999995373042669 
6.592910316197697e-11 2.2561246231169296e-09 7.075968492695294e-07 0.4999996450405485 0.4999996450405485 
7.356324202561242e-11 2.504251351839324e-09 7.75227134665014e-07 0.4999996110975254 0.4999996110975254 
7.549471003557437e-11 2.558525394328173e-09 7.839009488666398e-07 0.49999960673251553 0.49999960673251553 
6.690149453449898e-11 2.275299421824333e-09 7.042441595093636e-07 0.4999996467068198 0.4999996467068198 
5.970423383534497e-11 2.0449238781113175e-09 6.44238372938089e-07 0.49999967682849944 0.49999967682849944 
6.472650447010202e-11 2.213647880292838e-09 6.938307196477381e-07 0.4999996519454529 0.4999996519454529 
7.850586202220544e-11 2.6625299021375715e-09 8.163538405878888e-07 0.4999995904525618 0.4999995904525618 
8.842524820566338e-11 2.9812616975612224e-09 9.002356019101485e-07 0.49999954834735555 0.49999954834735555 
9.046173375463234e-11 3.0461913429695494e-09 9.169542187842405e-07 0.4999995399545641 0.4999995399545641 
8.776883704662944e-11 2.9604922872558073e-09 8.949669633692764e-07 0.49999955099238785 0.49999955099238785 
8.322227500782505e-11 2.8130158588974704e-09 8.54882294725312e-07 0.49999957111073356 0.49999957111073356 
7.874320174413367e-11 2.660094824373599e-09 8.070374976006047e-07 0.4999995951118322 0.4999995951118322 
5.462186581840967e-11 1.8911870418834415e-09 6.108436573316175e-07 0.49999969360526686 0.49999969360526686 
5.5545965111175745e-11 1.926476727008546e-09 6.246702980768379e-07 0.49999968667383965 0.49999968667383965 
5.2949754121348904e-11 1.8343206916366892e-09 5.942433222718183e-07 0.49999970193470367 0.49999970193470367 
4.5181943601771236e-11 1.5712823310037233e-09 5.153507161501995e-07 0.49999974151640986 0.49999974151640986 
3.8881421855522546e-11 1.3624777262499827e-09 4.557814035150303e-07 0.4999997714086187 0.4999997714086187 
4.1374893819047704e-11 1.447944472385809e-09 4.819725711781674e-07 0.49999975826905474 0.49999975826905474 
5.106080353209456e-11 1.7716213349204618e-09 5.759945785567661e-07 0.4999997110913697 0.4999997110913697 
5.813044676893993e-11 2.0056658658292385e-09 6.425353093251747e-07 0.4999996777004472 0.4999996777004472 
6.01766716394277e-11 2.0722649315388383e-09 6.606607236751621e-07 0.49999966860341744 0.49999966860341744 
5.973126118499018e-11 2.0574328322948405e-09 6.56342151369311e-07 0.49999967077034235 0.49999967077034235 
5.899615908677549e-11 2.0320331818498428e-09 6.481288392325924e-07 0.4999996748900657 0.4999996748900657 
5.961423155508045e-11 2.0430556649964214e-09 6.436296599697122e-07 0.49999967713383514 0.49999967713383514 
4.682944314342586e-11 1.6314590587472087e-09 5.359420279979994e-07 0.49999973118984176 0.49999973118984176 
4.674479751071033e-11 1.6365980926157288e-09 5.434967473805402e-07 0.49999972740995485 0.49999972740995485 
4.264839447879772e-11 1.4979346450810003e-09 5.019801024434642e-07 0.4999997482396572 0.4999997482396572 
3.4585575796638466e-11 1.2242266214729041e-09 4.192903397258121e-07 0.49999978972542414 0.49999978972542414 
2.8178312107116966e-11 1.0072172467402195e-09 3.539819752198923e-07 0.49999982249131464 0.49999982249131464 
2.791223601353511e-11 9.970384615636099e-10 3.498156559057521e-07 0.4999998245796967 0.4999998245796967 
3.3536556221853456e-11 1.1849357893342829e-09 4.0406832322854886e-07 0.4999997973566022 0.4999997973566022 
3.8713661541875054e-11 1.358725523028456e-09 4.550334739718059e-07 0.49999977178454336 0.49999977178454336 
4.016315630591195e-11 1.4066516883398876e-09 4.684195109744387e-07 0.4999997650668371 0.4999997650668371 
3.9819292403415736e-11 1.3941248175718739e-09 4.6378470729827896e-07 0.49999976739067437 0.49999976739067437 
4.03706507511182e-11 1.4117356943229943e-09 4.681220183936101e-07 0.4999997652129377 0.4999997652129377 
4.3349664912316856e-11 1.5059633678920739e-09 4.912976145838471e-07 0.49999975357653625 0.49999975357653625 
3.804474046120508e-11 1.3349704767442056e-09 4.476719045029626e-07 0.4999997754775401 0.4999997754775401 
3.770907232276353e-11 1.3322798400881284e-09 4.533674083554388e-07 0.49999977263130135 0.49999977263130135 
3.50540720076295e-11 1.2421613558601815e-09 4.2612694561123205e-07 0.49999978629791947 0.49999978629791947 
2.8406108207432416e-11 1.0149339894946037e-09 3.561902212878634e-07 0.4999998213832193 0.4999998213832193 
2.2221801033527e-11 8.032603000284757e-10 2.906482297136139e-07 0.49999985426314414 0.49999985426314414 
1.9469745581084977e-11 7.068502575194867e-10 2.587654767430084e-07 0.4999998702541017 0.4999998702541017 
1.9930929626387206e-11 7.182245769593485e-10 2.583991063205395e-07 0.49999987043136906 0.49999987043136906 
2.198546379268146e-11 7.85892976533626e-10 2.7704985159044094e-07 0.49999986107113503 0.49999986107113503 
2.2575221651150848e-11 8.041376647590243e-10 2.808985270460146e-07 0.4999998591373801 0.4999998591373801 
2.173593764325009e-11 7.730425327118663e-10 2.6895988421253936e-07 0.4999998651226687 0.4999998651226687 
2.2101114293218502e-11 7.830299151376485e-10 2.6973671509089534e-07 0.499999864729077 0.499999864729077 
2.7400931838437954e-11 9.5918884724186e-10 3.203361794278147e-07 0.4999998393386154 0.4999998393386154 
3.088577785763101e-11 1.091468938700342e-09 3.7362590726364464e-07 0.49999981262586907 0.49999981262586907 
2.9122468943890364e-11 1.0404646991500454e-09 3.6480175488344556e-07 0.49999981706432894 0.49999981706432894 
2.7439128528838006e-11 9.824155164797421e-10 3.4644927080574796e-07 0.4999998262704373 0.4999998262704373 
2.260385061719152e-11 8.15059896664621e-10 2.932671508196721e-07 0.49999985294759275 0.49999985294759275 
1.7433736784089663e-11 6.36028388335645e-10 2.360860270554516e-07 0.4999998816302555 0.4999998816302555 
1.3950228612274272e-11 5.12739092674721e-10 1.9404649100713178e-07 0.49999990271340994 0.49999990271340994 
1.1364624504072899e-11 4.1824786712783246e-10 1.5912999304005777e-07 0.4999999202201973 0.4999999202201973 
1.073589553041675e-11 3.939346488277993e-10 1.490424005180532e-07 0.4999999252764645 0.4999999252764645 
1.045868934440699e-11 3.8273677526503603e-10 1.4397487367239652e-07 0.49999992781596553 0.49999992781596553 
9.493487449575956e-12 3.4696837516112785e-10 1.3024953545643045e-07 0.4999999346970014 0.4999999346970014 
8.949248619684777e-12 3.2457605487022026e-10 1.19805127244119e-07 0.4999999399306737 0.4999999399306737 
1.3621623361263435e-11 4.796303940826853e-10 1.6425048751219116e-07 0.49999991762813023 0.49999991762813023 
2.705476375932074e-11 9.599187952925844e-10 3.3257149807893675e-07 0.49999983322076413 0.49999983322076413 
2.343281646580576e-11 8.451858910889131e-10 3.0391343487090116e-07 0.49999984760897326 0.49999984760897326 
2.1150948197396446e-11 7.654351072689653e-10 2.7771819742888327e-07 0.4999998607476082 0.4999998607476082 
1.7032317588293726e-11 6.204493846860283e-10 2.295339948682683e-07 0.4999998849142618 0.4999998849142618 
1.2718686993788635e-11 4.690900109126434e-10 1.7951339109488298e-07 0.4999999100024001 0.4999999100024001 
9.560423913049832e-12 3.5568415664714574e-10 1.392936509318705e-07 0.4999999301705522 0.4999999301705522 
6.448055772643217e-12 2.410115286772472e-10 9.574813893271008e-08 0.49999995200220076 0.49999995200220076 
4.8715203921649425e-12 1.8288051085454307e-10 7.365557294320047e-08 0.49999996307833755 0.49999996307833755 
4.292989099793671e-12 1.6161187038758507e-10 6.56287818938114e-08 0.4999999671026567 0.4999999671026567 
3.8316045584321654e-12 1.4454077033403853e-10 5.9077666360814225e-08 0.4999999703869807 0.4999999703869807 
3.5306449754631024e-12 1.3160854737499193e-10 5.26601602128314e-08 0.4999999736023504 0.4999999736023504 
6.937850619836626e-12 2.4349156263229486e-10 8.391718370886084e-08 0.4999999579161934 0.4999999579161934 
2.652742807628778e-11 9.416144122020867e-10 3.2669612145239124e-07 0.49999983616786836 0.49999983616786836 
2.1856569866050514e-11 7.906492796930277e-10 2.865241048394391e-07 0.4999998563316947 0.4999998563316947 
1.8602980897085113e-11 6.771153639432147e-10 2.4933940852940237e-07 0.49999987498243653 0.49999987498243653 
1.4083401863774844e-11 5.168802469665465e-10 1.9494357705304285e-07 0.4999999022627297 0.4999999022627297 
9.895631227506629e-12 3.681425061134382e-10 1.441522842186776e-07 0.49999992773483887 0.49999992773483887 
6.80195584410062e-12 2.5614769746989897e-10 1.0366914490399857e-07 0.4999999480339527 0.4999999480339527 
3.821714882151506e-12 1.4533604467664918e-10 6.058759939330783e-08 0.49999996963162147 0.49999996963162147 
2.211967671963719e-12 8.505588900084225e-11 3.6708835272739194e-08 0.4999999816019484 0.4999999816019484 
1.6321310839457435e-12 6.341634517798993e-11 2.8192427662145083e-08 0.49999998587126193 0.49999998587126193 
1.474765288533923e-12 5.756184824192764e-11 2.5897712274524972e-08 0.49999998702162557 0.49999998702162557 
1.739098893241911e-12 6.552552271611612e-11 2.7441784214915174e-08 0.49999998624547565 0.49999998624547565 
5.065878114247249e-12 1.7522199847749078e-10 5.856958358823173e-08 0.49999997062506435 0.49999997062506435 
2.8382823305419052e-11 1.005122737693705e-09 3.463926041096537e-07 0.4999998262869451 0.4999998262869451 
2.374414192687593e-11 8.556442402686332e-10 3.069696113833963e-07 0.49999984607550013 0.49999984607550013 
2.0489385345731716e-11 7.424352606779026e-10 2.7013123610066037e-07 0.4999998645529197 0.4999998645529197 
1.5459191977974716e-11 5.649282292254873e-10 2.1044095887362952e-07 0.49999989448932686 0.49999989448932686 
1.0774618300160046e-11 3.9858964423951634e-10 1.5353962331176278e-07 0.4999999230255062 0.4999999230255062 
7.062747732931268e-12 2.644752860180423e-10 1.0535002831335834e-07 0.4999999471892168 0.4999999471892168 
3.518181671605592e-12 1.3393050736446933e-10 5.590221687603523e-08 0.49999997198016727 0.49999997198016727 
1.728432244476568e-12 6.72752141449628e-11 2.989818914314262e-08 0.4999999850164037 0.4999999850164037 
1.1349132195616127e-12 4.4999280910277985e-11 2.1037588024871813e-08 0.499999989458139 0.499999989458139 
9.905114226978122e-13 3.9612550023791515e-11 1.8956149686894234e-08 0.49999999050162364 0.49999999050162364 
1.356166554246352e-12 5.1365717875907834e-11 2.202837105255549e-08 0.4999999889594536 0.4999999889594536 
4.7153477345207895e-12 1.6214082076705087e-10 5.34401862156967e-08 0.4999999731964788 0.4999999731964788 
3.3412979867619616e-11 1.1742375702110686e-09 3.9630095367457147e-07 0.49999980124569793 0.49999980124569793 
2.7726647932588898e-11 9.90684672171469e-10 3.477779393337703e-07 0.4999998256018247 0.4999998256018247 
2.4366801373512088e-11 8.753006271974384e-10 3.113826702321179e-07 0.4999998438588312 0.4999998438588312 
1.9136798828439738e-11 6.921986631583404e-10 2.5092319438203586e-07 0.49999987418273517 0.49999987418273517 
1.3819702525105379e-11 5.049300050192291e-10 1.8807678732241742e-07 0.4999999057022315 0.4999999057022315 
9.280516301115128e-12 3.424402877173108e-10 1.3101293515716057e-07 0.49999993431767203 0.49999993431767203 
4.732526181229163e-12 1.7707011151982657e-10 7.043371762522964e-08 0.49999996469223984 0.49999996469223984 
2.3833250957207892e-12 9.096609787813925e-11 3.82337158126259e-08 0.49999998083646735 0.49999998083646735 
1.6275610995336357e-12 6.306484502544874e-11 2.7611659840945275e-08 0.49999998616182384 0.49999998616182384 
1.4532587561321903e-12 5.663279764840078e-11 2.5211977451634255e-08 0.4999999873649682 0.4999999873649682 
1.74936686127789e-12 6.592246942713644e-11 2.750782592820828e-08 0.49999998621225117 0.49999998621225117 
4.961055011534042e-12 1.713411270885448e-10 5.703540559897342e-08 0.49999997139414615 0.49999997139414615 
4.2344180150411455e-11 1.4732474987428506e-09 4.833809533906654e-07 0.4999997575517275 0.4999997575517275 
3.6048007859502e-11 1.2693586079596555e-09 4.290611817769551e-07 0.49999978481670576 0.49999978481670576 
3.062451158949026e-11 1.086083044474579e-09 3.738939953740717e-07 0.49999981249464864 0.49999981249464864 
2.4060473660722334e-11 8.600604754431804e-10 3.0235837078218917e-07 0.4999998483787542 0.4999998483787542 
1.7809282120949445e-11 6.425174536604784e-10 2.3151628975424884e-07 0.4999998839116917 0.4999998839116917 
1.2262223643638833e-11 4.4637452710699996e-10 1.6474483123063228e-07 0.49999991739826605 0.49999991739826605 
6.589271827811082e-12 2.428082617061411e-10 9.262772313607463e-08 0.4999999535614397 0.4999999535614397 
3.5906658378723194e-12 1.343799560633276e-10 5.345152250053375e-08 0.4999999732052534 0.4999999732052534 
2.605261444931791e-12 9.85366139162989e-11 4.0307718708058785e-08 0.4999999797955697 0.4999999797955697 
2.4156082784776675e-12 9.160660318526304e-11 3.775775503075088e-08 0.49999998107411137 0.49999998107411137 
2.672953318314462e-12 9.949642074460642e-11 3.9536286270726006e-08 0.4999999801807722 0.4999999801807722 
5.666791611573269e-12 1.9708882485939574e-10 6.635769551989918e-08 0.4999999667197744 0.4999999667197744 
4.791278300586604e-11 1.6602313993902668e-09 5.380480275099186e-07 0.49999973012191423 0.49999973012191423 
4.4816161658165086e-11 1.5635615304224973e-09 5.151566213549471e-07 0.49999974161750055 0.49999974161750055 
3.9533425010288315e-11 1.3854562388193534e-09 4.620183445334553e-07 0.4999997682783329 0.4999997682783329 
3.191980331414207e-11 1.1255725491010235e-09 3.8176907310306367e-07 0.49999980853671727 0.49999980853671727 
2.4349865479635684e-11 8.651151981420098e-10 2.9944535204445496e-07 0.4999998498325915 0.4999998498325915 
1.7106283382809403e-11 6.125559417214903e-10 2.165412252060662e-07 0.49999989141455636 0.49999989141455636 
9.618052615294269e-12 3.480364084508455e-10 1.2657194578274954e-07 0.49999993653519986 0.49999993653519986 
5.640267016561599e-12 2.066279755064177e-10 7.767703186818506e-08 0.49999996105534994 0.49999996105534994 
4.209826811164274e-12 1.5571486281191866e-10 6.001357157451977e-08 0.4999999699132519 0.4999999699132519 
3.850947004134725e-12 1.430830973376455e-10 5.576280530211796e-08 0.49999997204513036 0.49999997204513036 
4.04329177354505e-12 1.4881761404012448e-10 5.6901244124397204e-08 0.4999999714729475 0.4999999714729475 
6.814220602573326e-12 2.3849843617950166e-10 8.09915753024126e-08 0.49999995938155606 0.49999995938155606 
4.798214634647432e-11 1.6606052091000962e-09 5.361883556262273e-07 0.49999973105152856 0.49999973105152856 
4.565923699162433e-11 1.5917458113333758e-09 5.229196845684324e-07 0.4999997377214552 0.4999997377214552 
4.309871055660793e-11 1.5060115583853325e-09 4.978786288363233e-07 0.4999997502861305 0.4999997502861305 
3.8625700046278874e-11 1.3519984374269149e-09 4.4936068084541016e-07 0.4999997746243476 0.4999997746243476 
3.283070670123412e-11 1.1512700635107625e-09 3.848623662869963e-07 0.49999980697676644 0.49999980697676644 
2.463856657163363e-11 8.672758733930402e-10 2.929955468381634e-07 0.49999985305626937 0.49999985305626937 
1.4637276614386757e-11 5.187632713841636e-10 1.785291122716726e-07 0.49999991046874365 0.49999991046874365 
9.147849941124105e-12 3.2675930478518804e-10 1.1488428415461183e-07 0.4999999423899043 0.4999999423899043 
6.976039399620475e-12 2.5092984119705726e-10 8.989854125259591e-08 0.4999999549217764 0.4999999549217764 
6.108246240796754e-12 2.211447644834552e-10 8.056083566244333e-08 0.49999995960595567 0.49999995960595567 
5.929163538392953e-12 2.1445003517408625e-10 7.81010460564116e-08 0.49999996083928744 0.49999996083928744 
8.339846522853179e-12 2.921563755011938e-10 9.881249837686153e-08 0.49999995044350265 0.49999995044350265 
5.2844113235732805e-11 1.8132717018087681e-09 5.724865827743338e-07 0.4999997128236507 0.4999997128236507 
4.761214919623702e-11 1.6502153164136354e-09 5.340567501546304e-07 0.4999997321227112 0.4999997321227112 
4.368389299639591e-11 1.5223302771209371e-09 4.995384160191902e-07 0.49999974944778497 0.49999974944778497 
4.065307926125346e-11 1.41961804122908e-09 4.684993474887324e-07 0.4999997650201907 0.4999997650201907 
3.859937026189606e-11 1.3448512230482183e-09 4.4155725372472545e-07 0.4999997785296479 0.4999997785296479 
3.27509399944933e-11 1.1389273431071622e-09 3.7231449195561105e-07 0.4999998132569149 0.4999998132569149 
2.1676923738959752e-11 7.545550931300165e-10 2.4737126313597653e-07 0.4999998759262525 0.4999998759262525 
1.4614578682218385e-11 5.102965009597781e-10 1.6870200448953153e-07 0.4999999153865423 0.4999999153865423 
1.1789145715589745e-11 4.127460677515078e-10 1.3748875784965622e-07 0.4999999310433535 0.4999999310433535 
1.0514438020920198e-11 3.6936516328179915e-10 1.2421231656948638e-07 0.49999993770390194 0.49999993770390194 
9.648622917640192e-12 3.397619856127463e-10 1.1513259262606139e-07 0.4999999422589984 0.4999999422589984 
1.1034432069688657e-11 3.834597646766637e-10 1.2621553712309473e-07 0.4999999366949843 0.4999999366949843 
6.418241770788648e-11 2.1709999539474974e-09 6.59970635571421e-07 0.499999668897091 0.499999668897091 
5.844008582527945e-11 1.993579243916085e-09 6.191540055087421e-07 0.49999968939698763 0.49999968939698763 
5.0675848174775903e-11 1.7426661070502452e-09 5.52626616103044e-07 0.499999722790021 0.499999722790021 
4.2989160441259994e-11 1.4904398618867627e-09 4.827347690612863e-07 0.499999757865901 0.499999757865901 
3.9640735287458e-11 1.3760281867394969e-09 4.47270274960564e-07 0.4999997756570281 0.4999997756570281 
3.718373856336245e-11 1.283651462620535e-09 4.1160476244247743e-07 0.4999997935372012 0.4999997935372012 
2.960357863247932e-11 1.015275931693425e-09 3.201146950607562e-07 0.4999998394202127 0.4999998394202127 
2.2720063107339975e-11 7.775036358715094e-10 2.437247029957375e-07 0.49999987773753674 0.49999987773753674 
1.9752081697420524e-11 6.756561688238912e-10 2.1158679271067829e-07 0.49999989385889954 0.49999989385889954 
1.87012311183681e-11 6.399931550422595e-10 2.0073252143943642e-07 0.49999989930439204 0.49999989930439204 
1.7353427571194755e-11 5.948385000739998e-10 1.8751521255479835e-07 0.49999990593629773 0.49999990593629773 
1.68187762415396e-11 5.755537290719999e-10 1.811026909573179e-07 0.49999990915246834 0.49999990915246834 
7.42946725288202e-11 2.479702941130988e-09 7.275919357112927e-07 0.49999963492703337 0.49999963492703337 
7.130241346574797e-11 2.3923057559479347e-09 7.113009595333637e-07 0.49999964311771616 0.49999964311771616 
6.308675802982237e-11 2.1300832787626605e-09 6.440269152741093e-07 0.49999967688995733 0.49999967688995733 
5.1618488858513967e-11 1.7582506670947242e-09 5.441776111404343e-07 0.4999997270062599 0.4999997270062599 
4.385417467789843e-11 1.5021727419788842e-09 4.7203434956094585e-07 0.49999976320981177 0.49999976320981177 
4.1401995027601474e-11 1.4122056890110823e-09 4.3933921619079785e-07 0.49999977960358805 0.49999977960358805 
3.8925785039795806e-11 1.3136884738714586e-09 3.975107319598617e-07 0.4999998005683269 0.4999998005683269 
3.467380209305721e-11 1.164656378763709e-09 3.477615341510259e-07 0.4999998255195679 0.4999998255195679 
3.159063008684373e-11 1.0608737242013228e-09 3.164033654808092e-07 0.49999984125208513 0.49999984125208513 
3.0429424873219723e-11 1.0227078230851615e-09 3.056291641410833e-07 0.4999998466588494 0.4999998466588494 
2.9182701891650286e-11 9.815916186792596e-10 2.940567935169161e-07 0.49999985246621614 0.49999985246621614 
2.6748662510251975e-11 9.01145159527021e-10 2.714401424723634e-07 0.4999998638159818 0.4999998638159818 
7.948629576284478e-11 2.6275355560959944e-09 7.5160304326922e-07 0.49999962284496746 0.49999962284496746 
7.930334791592412e-11 2.6279519817536592e-09 7.561557731612703e-07 0.49999962056848585 0.49999962056848585 
7.383988121355601e-11 2.456231218851433e-09 7.139442055234748e-07 0.49999964176286166 0.49999964176286166 
6.352926070509214e-11 2.125663439953244e-09 6.27737597537477e-07 0.49999968503660486 0.49999968503660486 
5.355413338849161e-11 1.8009807445582817e-09 5.393275055124452e-07 0.4999997294089798 0.4999997294089798 
4.758860932110972e-11 1.598712413271926e-09 4.779250365791995e-07 0.4999997602143313 0.4999997602143313 
4.533739260262895e-11 1.5096724819748415e-09 4.410460203479801e-07 0.4999997786994849 0.4999997786994849 
4.352733664826439e-11 1.4427310719414138e-09 4.160278132706301e-07 0.4999997912429642 0.4999997912429642 
3.9887522221154254e-11 1.323824821711676e-09 3.8276208000467435e-07 0.49999980793710386 0.49999980793710386 
3.683088225344911e-11 1.2265264878431451e-09 3.5762925001627927e-07 0.4999998205536964 0.4999998205536964 
3.5818549594548694e-11 1.194607990691627e-09 3.4969504621542514e-07 0.4999998245372636 0.4999998245372636 
3.479525482876016e-11 1.1616769808792606e-09 3.4127379551156384e-07 0.4999998287648661 0.4999998287648661 
8.320997838652554e-11 2.7280340053433715e-09 7.642590102183566e-07 0.49999961646487295 0.49999961646487295 
8.284189506382533e-11 2.722332642366788e-09 7.665696042902701e-07 0.49999961531261067 0.49999961531261067 
7.829807244934235e-11 2.5816638991088406e-09 7.33230110993648e-07 0.49999963205496356 0.49999963205496356 
7.017354660050903e-11 2.3244672254099733e-09 6.683146394747839e-07 0.4999996646453599 0.4999996646453599 
6.090157850423331e-11 2.0253499578593042e-09 5.885896270927323e-07 0.49999970466206073 0.49999970466206073 
5.120477362321535e-11 1.7041462041855593e-09 4.965063628013663e-07 0.4999997508691431 0.4999997508691431 
4.278310188445774e-11 1.4158481608841253e-09 4.0672715979457287e-07 0.49999979590710447 0.49999979590710447 
3.9547276175695966e-11 1.3022757488232118e-09 3.691887796810682e-07 0.49999981473469873 0.49999981473469873 
3.584768578971527e-11 1.1819564913618418e-09 3.360735165920881e-07 0.4999998313543397 0.4999998313543397 
3.10010532209662e-11 1.0283409819737218e-09 2.969292248769122e-07 0.49999985100571653 0.49999985100571653 
2.8758374738648293e-11 9.584592496478067e-10 2.800875165123389e-07 0.49999985946263303 0.49999985946263303 
3.1312404900945534e-11 1.0436875179439254e-09 3.052525345730778e-07 0.4999998468362328 0.4999998468362328 
8.801754209342063e-11 2.856870908083754e-09 7.805967927463008e-07 0.49999960822915934 0.49999960822915934 
8.844714662014888e-11 2.8755045853511724e-09 7.88338622427119e-07 0.499999604348713 0.499999604348713 
8.179714024199159e-11 2.671334911664202e-09 7.40722041129948e-07 0.4999996282624134 0.4999996282624134 
7.135014525461689e-11 2.3454409030839725e-09 6.613658451445341e-07 0.4999996681086819 0.4999996681086819 
6.114186156430805e-11 2.021245591072514e-09 5.783345740467731e-07 0.49999970979151925 0.49999970979151925 
4.962880849374479e-11 1.6459918000503343e-09 4.7499637837884247e-07 0.49999976165400056 0.49999976165400056 
3.563249585047414e-11 1.1813406285731375e-09 3.407062929334606e-07 0.499999829038367 0.499999829038367 
2.88141311625989e-11 9.519909055550588e-10 2.7222967884635415e-07 0.49999986339475805 0.49999986339475805 
2.5682844136426733e-11 8.48317939489052e-10 2.424504918177199e-07 0.4999998783377537 0.4999998783377537 
2.2397768071145846e-11 7.43763432708214e-10 2.1550190554106264e-07 0.4999998918659667 0.4999998918659667 
1.968976131557051e-11 6.584513399812375e-10 1.9423410733099007e-07 0.4999999025438758 0.4999999025438758 
2.20839562245321e-11 7.388057330513903e-10 2.1829586256814432e-07 0.49999989047162385 0.49999989047162385 
8.548183708954421e-11 2.7554491652971915e-09 7.396991656726122e-07 0.49999962872995163 0.49999962872995163 
9.161934149347506e-11 2.945962118885351e-09 7.852112068854791e-07 0.4999996058756059 0.4999996058756059 
8.728062246936983e-11 2.8131996667278668e-09 7.54373631541976e-07 0.49999962136294407 0.49999962136294407 
7.488810235034281e-11 2.4306710388118683e-09 6.635683542972377e-07 0.4999996669630434 0.4999996669630434 
6.176874664548447e-11 2.020765737306065e-09 5.629815264142157e-07 0.4999997174679696 0.4999997174679696 
4.791641926835197e-11 1.5783642957317326e-09 4.47621035576001e-07 0.4999997753763419 0.4999997753763419 
3.078782087962366e-11 1.0217239318709097e-09 2.953969911037655e-07 0.49999985177524864 0.49999985177524864 
2.1577417024358246e-11 7.192298932235118e-10 2.1032939581253373e-07 0.4999998944648985 0.4999998944648985 
1.838446930245908e-11 6.136700854626669e-10 1.801569978566926e-07 0.49999990960547375 0.49999990960547375 
1.721621134635955e-11 5.75980039474243e-10 1.7008556528608375e-07 0.4999999146606192 0.4999999146606192 
1.628389601903276e-11 5.465845160717678e-10 1.6278087889417649e-07 0.49999991832812635 0.49999991832812635 
1.7857414621547917e-11 5.992150827281335e-10 1.785039695686687e-07 0.499999910439479 0.499999910439479 
7.302845386506179e-11 2.3532944013338167e-09 6.311580097341185e-07 0.49999968320783367 0.49999968320783367 
8.124405883253207e-11 2.6019550195857626e-09 6.862905283458956e-07 0.4999996555131364 0.4999996555131364 
8.253395085231494e-11 2.6392813445437335e-09 6.933314733644849e-07 0.4999996519733557 0.4999996519733557 
7.346464978188601e-11 2.3600191536530132e-09 6.272551051189225e-07 0.4999996851557056 0.4999996851557056 
6.068887821196951e-11 1.964588771098312e-09 5.325058377833644e-07 0.49999973273444226 0.49999973273444226 
4.644341896322691e-11 1.5153173865433852e-09 4.1933895682490344e-07 0.4999997895496412 0.4999997895496412 
2.8127691649095305e-11 9.290700993169099e-10 2.6562969515542926e-07 0.4999998667065535 0.4999998667065535 
1.7663070048036593e-11 5.917588030912398e-10 1.7543882372879253e-07 0.49999991197587723 0.49999991197587723 
1.4028795481821885e-11 4.738998901329707e-10 1.4342056722283562e-07 0.4999999280457521 0.4999999280457521 
1.3400720750187663e-11 4.5367008874936793e-10 1.380784876171019e-07 0.49999993072722076 0.49999993072722076 
1.3618550853002256e-11 4.6099408766794474e-10 1.403309066085572e-07 0.49999992959724043 0.49999992959724043 
1.6198255044015638e-11 5.454794184393225e-10 1.6406667612653288e-07 0.4999999176858231 0.4999999176858231 
6.171970865273911e-11 1.9951922365896523e-09 5.39349500181399e-07 0.4999997292967939 0.4999997292967939 
6.643763031092115e-11 2.133387832188913e-09 5.663910827086453e-07 0.49999971570454593 0.49999971570454593 
6.898007895196233e-11 2.2073194070796073e-09 5.808537154755073e-07 0.49999970843499253 0.49999970843499253 
6.372523845849509e-11 2.0436385889779752e-09 5.408780565541237e-07 0.4999997285072898 0.4999997285072898 
5.370299386675274e-11 1.7334971604871075e-09 4.6651975179461e-07 0.499999765846524 0.499999765846524 
4.1704250728042816e-11 1.3561161019891728e-09 3.721491732125566e-07 0.4999998132265032 0.4999998132265032 
2.531627858607364e-11 8.343213111147118e-10 2.3746583821024304e-07 0.4999998808372621 0.4999998808372621 
1.515946204317098e-11 5.097111637494517e-10 1.5278638775218043e-07 0.4999999233443709 0.4999999233443709 
1.1270629090769083e-11 3.8497003711059033e-10 1.199229211276004e-07 0.49999993984041907 0.49999993984041907 
1.0540962757338454e-11 3.616016060344999e-10 1.1385243556808678e-07 0.49999994288771094 0.49999994288771094 
1.0809554457201679e-11 3.7071595745046995e-10 1.1672183193059095e-07 0.4999999414483213 0.4999999414483213 
1.3819463472073364e-11 4.691730601333273e-10 1.4423482676053275e-07 0.4999999276410904 0.4999999276410904 
5.661284663983931e-11 1.8342240380040633e-09 4.986420498134245e-07 0.4999997497335567 0.4999997497335567 
5.837600844295693e-11 1.8812040644701183e-09 5.038234903847722e-07 0.4999997471184648 0.4999997471184648 
5.889567963415112e-11 1.894010553319135e-09 5.046250406524119e-07 0.49999974671102665 0.49999974671102665 
5.453674153355848e-11 1.7572644939943372e-09 4.7075321048713336e-07 0.4999997637174942 0.4999997637174942 
4.6601097596361814e-11 1.5099619070491374e-09 4.104480187489034e-07 0.49999979399770916 0.49999979399770916 
3.6694898264814495e-11 1.1970952679547833e-09 3.3143202159126835e-07 0.4999998336670941 0.4999998336670941 
2.317704573834661e-11 7.659752548451984e-10 2.1983328344313802e-07 0.4999998896887822 0.4999998896887822 
1.4359417765201537e-11 4.84284330781101e-10 1.4653392621453002e-07 0.49999992648371505 0.49999992648371505 
1.0431022255471627e-11 3.583076486349291e-10 1.1337999490202576e-07 0.49999994312563323 0.49999994312563323 
9.123476094921252e-12 3.1585205050640047e-10 1.0185329941570093e-07 0.4999999489108625 0.4999999489108625 
9.052466828332464e-12 3.1363045766474336e-10 1.0139631364914143e-07 0.4999999491405017 0.4999999491405017 
1.1924261898274678e-11 4.078589687507798e-10 1.2794734702602185e-07 0.4999999358164349 0.4999999358164349 
5.566619561621406e-11 1.8045051938703294e-09 4.913017459127756e-07 0.49999975341904135 0.49999975341904135 
5.803280397523434e-11 1.869601947346737e-09 5.003975603230054e-07 0.4999997488374025 0.4999997488374025 
5.911343255822472e-11 1.900670613192718e-09 5.060746509674848e-07 0.4999997459827825 0.4999997459827825 
5.502289872846953e-11 1.7733392029797072e-09 4.75158402017863e-07 0.49999976150661796 0.49999976150661796 
4.8682317918907795e-11 1.5753950270856398e-09 4.267466909923736e-07 0.49999978581461585 0.49999978581461585 
4.0705109192409476e-11 1.3224406090091076e-09 3.623391406223037e-07 0.4999998181488569 0.4999998181488569 
2.9213385145817063e-11 9.552991647107764e-10 2.670373101888035e-07 0.49999986598908863 0.49999986598908863 
2.04215417934866e-11 6.755189953685056e-10 1.950044405848643e-07 0.49999990214980944 0.49999990214980944 
1.5103534759210228e-11 5.069044369106954e-10 1.5188666514671025e-07 0.4999999237956635 0.4999999237956635 
1.1307284816303876e-11 3.859564768905192e-10 1.205305169124488e-07 0.4999999395361097 0.4999999395361097 
9.273765056414976e-12 3.205868721622715e-10 1.0324937555439117e-07 0.4999999482103819 0.4999999482103819 
1.1269471977227134e-11 3.8625553108654626e-10 1.2194579973046974e-07 0.49999993882833765 0.49999993882833765 
5.883136304021439e-11 1.9050145169130704e-09 5.172295880655718e-07 0.49999974040328304 0.49999974040328304 
6.146205613222128e-11 1.9773126626790365e-09 5.274468091308828e-07 0.49999973525720814 0.49999973525720814 
6.595093684335126e-11 2.1123937936050323e-09 5.571016682612083e-07 0.49999972035999357 0.49999972035999357 
6.414903479466687e-11 2.054960625755254e-09 5.422503138697867e-07 0.49999972781528823 0.49999972781528823 
5.974141577573552e-11 1.9174368813784693e-09 5.085944107061346e-07 0.4999997447142055 0.4999997447142055 
5.545711055921991e-11 1.7806737979948306e-09 4.7320163599185274e-07 0.49999976248111655 0.49999976248111655 
4.872392130512323e-11 1.5635690466657285e-09 4.156860578053719e-07 0.4999997913508246 0.4999997913508246 
4.077008285971712e-11 1.3117900348373948e-09 3.5178375676277446e-07 0.4999998234318416 0.4999998234318416 
3.305783671566498e-11 1.0712647905178528e-09 2.929095250756004e-07 0.4999998529930762 0.4999998529930762 
2.4120923322873292e-11 7.920624817992398e-10 2.2423490090268317e-07 0.49999988747445784 0.49999988747445784 
1.6331030725978787e-11 5.464039399299044e-10 1.6238815011131988e-07 0.4999999185245575 0.4999999185245575 
1.4310730389715481e-11 4.840687832049195e-10 1.4792723462547907e-07 0.49999992578719293 0.49999992578719293 
7.154855897404194e-11 2.304904086500305e-09 6.175778414300146e-07 0.499999690022853 0.499999690022853 
6.976229445068176e-11 2.2410219955693547e-09 5.954878374573265e-07 0.4999997011006891 0.4999997011006891 
7.23540689605703e-11 2.318087907727161e-09 6.118020626348867e-07 0.4999996929037477 0.4999996929037477 
7.189008407760693e-11 2.300587757801483e-09 6.056467308552323e-07 0.4999996959903957 0.4999996959903957 
7.030826667536328e-11 2.248635889942349e-09 5.912006525071121e-07 0.49999970324020165 0.49999970324020165 
7.120020605496995e-11 2.2722660453236995e-09 5.941428478794221e-07 0.499999701756843 0.499999701756843 
7.21546902464102e-11 2.2955145963061798e-09 5.955600943711408e-07 0.49999970103611824 0.49999970103611824 
6.86559366255612e-11 2.1834649789262675e-09 5.662629978498266e-07 0.4999997157424407 0.4999997157424407 
6.198012710797361e-11 1.9774419538765434e-09 5.172382137963662e-07 0.49999974036118205 0.49999974036118205 
5.0836493101606886e-11 1.6331257304209722e-09 4.3504722452951043e-07 0.4999997816344066 0.4999997816344066 
3.693906511152073e-11 1.1989749737074101e-09 3.2844918219587886e-07 0.4999998351574519 0.4999998351574519 
2.6871019694892344e-11 8.838107114236909e-10 2.510238094127205e-07 0.4999998740327545 0.4999998740327545 
9.553747714847735e-11 3.0567285531874483e-09 8.047492163441222e-07 0.49999959604925887 0.49999959604925887 
9.132379684082708e-11 2.916760330349746e-09 7.637764242212086e-07 0.4999996166077459 0.4999996166077459 
8.559660956773953e-11 2.7392869658531694e-09 7.209719477794554e-07 0.4999996381015843 0.4999996381015843 
7.863086488743914e-11 2.524418497845763e-09 6.70122323030352e-07 0.4999996636373138 0.4999996636373138 
7.693771157804746e-11 2.4682873473198243e-09 6.543665397797726e-07 0.4999996715441177 0.4999996715441177 
8.387102499308626e-11 2.6754081930323866e-09 6.990450325556164e-07 0.4999996490978441 0.4999996490978441 
9.398193914003653e-11 2.980570170514133e-09 7.668647480529294e-07 0.49999961503035 0.49999961503035 
9.530095346529435e-11 3.018721537240593e-09 7.740339338587758e-07 0.49999961142602184 0.49999961142602184 
9.150511664301311e-11 2.904221344916839e-09 7.48386457531699e-07 0.49999962430890804 0.49999962430890804 
8.297001101123899e-11 2.6455364570861437e-09 6.897728264961146e-07 0.4999996537493336 0.4999996537493336 
6.924129543102152e-11 2.220258590511816e-09 5.875126303016299e-07 0.49999970509893493 0.49999970509893493 
5.2383129886724506e-11 1.692069830437054e-09 4.57053508398362e-07 0.49999977060101936 0.49999977060101936 
1.184027393987632e-10 3.7798254704641294e-09 9.892612182219753e-07 0.4999995034202768 0.4999995034202768 
1.2041756300731487e-10 3.826999715168302e-09 9.897263362249201e-07 0.49999950316312325 0.49999950316312325 
1.1245669683626183e-10 3.5768136982402983e-09 9.271474469960812e-07 0.49999953458164126 0.49999953458164126 
9.786762953080343e-11 3.1308538208744116e-09 8.238427090855967e-07 0.49999958646428483 0.49999958646428483 
9.153139318325997e-11 2.9355263263710735e-09 7.776538969667959e-07 0.4999996096595227 0.4999996096595227 
1.0121155704030505e-10 3.225220991330555e-09 8.408644541366179e-07 0.4999995779045566 0.4999995779045566 
1.2084212845462447e-10 3.8186167628317075e-09 9.73991336393974e-07 0.49999951103460244 0.49999951103460244 
1.2820073397584274e-10 4.041218201238617e-09 1.023812489200038e-06 0.4999994860090459 0.4999994860090459 
1.2598434070897393e-10 3.9774685911950084e-09 1.0114433597620917e-06 0.49999949222659373 0.49999949222659373 
1.1727982508380265e-10 3.7210657179623876e-09 9.580508473411473e-07 0.4999995190554036 0.4999995190554036 
1.038770728126739e-10 3.3153558622209144e-09 8.662579406032591e-07 0.4999995651614133 0.4999995651614133 
8.426639364936858e-11 2.703143787346205e-09 7.159439642272406e-07 0.49999964063431285 0.49999964063431285 
