0.46984401149729843 0.2592718062393305 0.06331436201624786 0.18703158326342453 0.02053823698369875 
0.4668566923658296 0.26299997611664955 0.06457362980305603 0.1849755611380007 0.02059414057646407 
0.4733370006206919 0.2603987306612577 0.06284800750168462 0.18358256943959367 0.019833691776772105 
0.47155730530588735 0.24964600909121465 0.06070808597066826 0.19666409523990214 0.021424504392327657 
0.4705183955885626 0.26522530639088576 0.06425368545949556 0.18027745498307957 0.019725157577976552 
0.4620103638220042 0.27042581820473455 0.06671392789352024 0.18032454646765878 0.020525343612082237 
0.46478533481788664 0.2594503401541399 0.06390448887147024 0.19043890894400609 0.0214209272124971 
0.47446175399574453 0.2509754029476065 0.060658236943359756 0.1931453717707821 0.020759234342507166 
0.4776538041227782 0.25477892061759644 0.06083668090761655 0.18692932661730371 0.019801267734705176 
0.4709370479906204 0.24109229480266742 0.05859807788135551 0.2067962731617111 0.022576306163645563 
0.4788153248251396 0.23766472218862103 0.056918843868515236 0.20503993470243728 0.02156117441528682 
0.4770403119580833 0.26210970852700793 0.062222866359478324 0.17955472516584073 0.019072387989589844 
0.4603130438880996 0.26768398627653817 0.06631927385794122 0.18449888259786631 0.021184813379554652 
0.47315630672668474 0.26949115886202424 0.06390932806113242 0.17457826790612938 0.018864938444029294 
0.4573120299705446 0.2748381442156856 0.06842644474462709 0.1786393408218662 0.02078404024727651 
0.4820225099095024 0.255905877142631 0.05998595017595953 0.1830704753337996 0.019015187438107532 
0.4640720941116379 0.2747200104620691 0.06692656345327712 0.17461484399420227 0.0196664879788136 
0.4758257680363863 0.2658398627290268 0.06296986483383897 0.1765150913708753 0.01884941302987259 
0.4590578084719507 0.2777483865069278 0.06864877303935733 0.17443575535996633 0.020109276621797817 
0.46352311368155547 0.2783980281215842 0.0675660998598378 0.17119459675700077 0.01931816158002171 
0.48591270684408516 0.23855613130304132 0.05592886190407562 0.1993067841707824 0.020295515778015544 
0.48264123028626826 0.26138028735909846 0.0604937119218359 0.17713417430498413 0.018350596127813118 
0.4830108069795751 0.21976396170503962 0.05214583360156316 0.2222904260608069 0.022788971653015237 
0.4650419717831323 0.25361076747824757 0.06210327701754328 0.19709517926309988 0.022148804457976887 
0.4579019571583487 0.2787458010586289 0.06886486767518572 0.17428525149782245 0.020202122610014233 
0.458202284991925 0.2756084719064989 0.0679836925740057 0.17762855311886586 0.02057699740870459 
0.45804754177873513 0.27211755478596994 0.06748929387645758 0.18131167713831955 0.021033932420517792 
0.4891002166679262 0.24398765827670268 0.0562685165516492 0.19140472540769618 0.019238883096025765 
0.46191748965013907 0.2794843551035103 0.06796088837290623 0.17117670431003226 0.019460562563412144 
0.48943084000585163 0.22593935622722203 0.0528787729208714 0.2107117727559872 0.02103925809006778 
0.49342166020058603 0.2082867064207637 0.04852739708334319 0.2276438983346587 0.02212033796064839 
0.46099230538189273 0.26719103520284393 0.06537526527910992 0.18523663013820527 0.02120476399794825 
0.4633542296940487 0.2759965201020921 0.06659349060596804 0.17435132561928415 0.019704433978607102 
0.49817890008515486 0.21124036517644826 0.0486454561981263 0.22087842844739755 0.021056850092872895 
0.4940952458692688 0.2318616781258246 0.053257538482202375 0.20107554278580358 0.01970999473690055 
0.49857944461738124 0.22114846352504827 0.050637866413928985 0.20957570427714792 0.02005852116649364 
0.4744776282957833 0.2714985804963198 0.06339350917796847 0.17214176819466512 0.018488513835263287 
0.465196550516879 0.2684404975310501 0.06442169071904012 0.1815734997580839 0.020367761474946858 
0.46702014663386743 0.24833467396132344 0.06014659163671542 0.20201685515194362 0.02248173261615015 
0.4902815968855686 0.2077245576617282 0.04861443776566271 0.23065944953814327 0.022719958148897015 
0.47188945613885613 0.22368086822904992 0.05413063757912014 0.22585675465998473 0.024442283392988855 
0.46823850345395585 0.2758968746595389 0.06550039397393086 0.17142885277741599 0.018935375135158364 
0.48038528449851753 0.21853492252857606 0.0519983447254523 0.22567781035234766 0.02340363789510653 
0.5052690587579952 0.21195091692311213 0.0478157247691979 0.215071063537721 0.01989323601197374 
0.4983467035121139 0.23248022956347036 0.05255762919646706 0.19759592849958116 0.01901950922836745 
0.5000935045482189 0.2360692024551511 0.052585817006469186 0.19281086578725481 0.018440610202906108 
0.47761930663828805 0.21185334610253007 0.05087485417889024 0.2350297101644413 0.02462278291585033 
0.4973983927849419 0.18965263718904973 0.04393954922332625 0.24589304231220832 0.023116378490473925 
0.5036812533501063 0.2220156871506215 0.04992774393606662 0.205157427121795 0.019217888441410723 
0.487578333463775 0.19711229395759042 0.046482718668565605 0.24461338138504737 0.024213272525021565 
0.5050108668808049 0.19967540169416872 0.045317537116270644 0.22899032915236514 0.021005865156390562 
0.4705606384061352 0.2694001746973143 0.06335180061401022 0.17729538598969538 0.019392000292844935 
0.48375290139023064 0.20615855336598493 0.04882739448111962 0.23720771528318885 0.0240534354794759 
0.4797173189804017 0.26438440449302975 0.06038604105167336 0.17694358755036244 0.018568647924532694 
0.5056442513946573 0.18753904505726784 0.04268003800893725 0.24223184261088374 0.02190482292825393 
0.5051145446406919 0.22605842308313556 0.05015558730904059 0.2000162805977148 0.018655164369417082 
0.47677986113087495 0.19609091479862353 0.04721433731196408 0.25350211377948306 0.026412772979054318 
0.5086291850026906 0.21475165877081398 0.04774579567553132 0.20971688585342235 0.019156474697541923 
0.48238033707976236 0.18954403321892496 0.0451912132432313 0.2569693513802077 0.025915065077873705 
0.47045255128428626 0.23183769454505032 0.055808359591378316 0.2180887958497779 0.023812598729507216 
0.4712213584185561 0.24597041748431436 0.05834597783929579 0.20239717156966583 0.02206507468816779 
0.5111080238890998 0.20352319999080684 0.04521010479032588 0.22040058933641282 0.01975808199335469 
0.5005135248283341 0.1571484122414281 0.03646533732484229 0.28089147172404694 0.024981253881348597 
0.5098143861444598 0.1647246226833685 0.03742974010826243 0.2651631875745623 0.022868063489347036 
0.474105821960353 0.1993827723648517 0.048026685416462045 0.25184639525269914 0.02663832500563409 
0.513059396608257 0.1878819989635185 0.04185539936509568 0.23648995984447438 0.020713245218654454 
0.5152812793032354 0.17758303383380195 0.03959338155863102 0.24641816525943674 0.02112414004489498 
0.47497169967948294 0.16986336978916558 0.041215221258366866 0.2846966512071777 0.029253058065806865 
0.49694194966703514 0.25229969770305866 0.0552901650258896 0.17813455531507993 0.01733363228893669 
0.4821876733339158 0.14517816328079092 0.034984007787465 0.30817554924551227 0.029474606352315975 
0.4870515307164831 0.2630980940351676 0.05883382361877301 0.17339707590855652 0.01761947572101966 
0.47348109707395314 0.23121166837123447 0.05476354456274708 0.21718825168451064 0.023355438307554793 
0.5127773097056323 0.218150648436562 0.047257278265283954 0.20351513972598792 0.018299623866533908 
0.5168847912534076 0.20170594427948338 0.04383856908216834 0.21848915985560402 0.019081535529336658 
0.4746354683291055 0.21971435580346949 0.05213375022038675 0.22911003874595937 0.02440638690107899 
0.47402192094857737 0.2548667114901487 0.05937524201728962 0.19115596965053958 0.020580155893444745 
0.519701040599393 0.16722476642361464 0.03703937267430478 0.2549021621806924 0.021132658121995163 
0.48024751156166756 0.25692795393776086 0.0585852374743034 0.18488981898883206 0.019349478037436016 
0.47372194140768586 0.13962416090413138 0.03422795899318064 0.3205823720565763 0.03184356663842577 
0.5089150946618778 0.1400149519711562 0.032068532165192044 0.29461102650765303 0.024390394694120996 
0.5133465396073761 0.22513839301642033 0.048125537747190535 0.1957598070419839 0.017629722587029144 
0.49963354252362197 0.12722540622030595 0.029704084470952068 0.31680091645117076 0.026636050333949328 
0.5198771120374077 0.1485028170236159 0.033054590616145414 0.27641642340862504 0.022149056914205923 
0.48928450022281655 0.1323573143045501 0.03147949522830929 0.31829675746351954 0.028581932780804512 
0.479151745061836 0.19293452165997715 0.04551742570898973 0.25613378921640234 0.026262518352794723 
0.47557073137619865 0.17569506868025492 0.042229702612514124 0.27790022202621223 0.028604275304820147 
0.5233672116964528 0.17516903164532777 0.03820396250104151 0.24318065342409448 0.020079140733083443 
0.5213404508712378 0.15930757544726692 0.03523245486911657 0.2627670721719099 0.021352446640468904 
0.4764280981607221 0.12237370375774508 0.02993615780365738 0.33919877407569765 0.03206326620217774 
0.5259689508512163 0.16330621121963618 0.03560669675129557 0.25468675506350824 0.020431386114343662 
0.47337380747402824 0.14858310587902418 0.0361940084716182 0.3105408437826317 0.03130823439269765 
0.49119996791755444 0.25660017515613914 0.05656152824215984 0.1778941765338271 0.01774415215031949 
0.508292071983282 0.1261142069964854 0.02900502541599097 0.31155849178198797 0.02503020382225383 
0.4788137152588032 0.22495957944606926 0.05226199317176087 0.22086867122613235 0.023096040897234323 
0.5304427407769767 0.17421912707097165 0.03705492639356533 0.23914185166357246 0.01914135409491385 
0.5076977718117223 0.24032035917646902 0.051132294578997935 0.18380136123740565 0.01704821319540507 
0.5256665727991593 0.19058863994021463 0.04058235942151311 0.22446085911550326 0.018701568723609733 
0.48226712973377434 0.24529472932271773 0.05578722681260533 0.1963263455347201 0.020324568596182584 
0.5072431083356954 0.11006736510773012 0.02540813592766958 0.33173764366120573 0.025543746967699194 
0.4682620195254752 0.09892312363909703 0.02475653932798406 0.37249219760432695 0.035566119903116825 
0.5161668826193379 0.12972620301280663 0.02932268757199155 0.3012536296846279 0.02353059711123604 
0.47490317327171017 0.14158538416586053 0.034192757871858846 0.31794489137057425 0.0313737933199962 
0.4785661176451415 0.18093665303175233 0.04285465520425122 0.2701517004967809 0.027490873622074006 
0.47508239723935813 0.1619779467561997 0.03909905367013319 0.29396290771919176 0.029877694615117217 
0.4669310791981689 0.12445241306766217 0.030853418912489047 0.3432033843008034 0.03455970452087654 
0.48159014866954847 0.20920358632552244 0.04854752891072744 0.2364462378233599 0.024212498270841765 
0.5294302324772465 0.15255434996207423 0.03303265736546925 0.2644847892249557 0.02049797097025446 
0.5241703279663407 0.12530025084347182 0.027826161426634834 0.30036038923471103 0.02234287052884165 
0.47972839499281417 0.09695636720349632 0.023665959478445152 0.3675388466653574 0.032110431659886814 
0.517187623465211 0.11759264067012846 0.026577587372524518 0.3149826389515847 0.023659509540551404 
0.4934363973876738 0.2490774543761757 0.05455161514622427 0.18471390612896238 0.01822062696096369 
0.4774672872173045 0.1682500553507711 0.04011033296372015 0.2853532348726536 0.02881908959555073 
0.5369908432774948 0.15855515750873553 0.0333948477384729 0.25192402420353394 0.019135127271762906 
0.46613898795617564 0.10805726648241473 0.02703212051100303 0.3629376055847403 0.03583401946566629 
0.48491853837890425 0.2293552604875968 0.052086489422435885 0.2120546165381763 0.02158509517288662 
0.5249648580570313 0.20757147764665781 0.043374343378838616 0.2065510018297823 0.01753831908768982 
0.4700911040228203 0.08487841896715513 0.021225641428313038 0.3885506283235393 0.03525420725817234 
0.5345016203230492 0.12874177832036643 0.027742051441188298 0.2883400962135586 0.020674453701837365 
0.46728009009717913 0.12314534622439827 0.03040500061747561 0.3446491480949975 0.03452041496594949 
0.4839629699098481 0.21823698025650498 0.04994925109754101 0.22496497156796622 0.022885827168139722 
0.5003600628897412 0.2273212281056471 0.049209886256647135 0.20375795594246737 0.01935086680549729 
0.4849615140440972 0.1453978011186102 0.03401607058443701 0.3068615271355581 0.028763087117297394 
0.4788509742994064 0.1562513510833714 0.03718429038463339 0.2982772840339575 0.02943610019863143 
0.46537073787375544 0.11535171295464385 0.028736955844072026 0.35490934100917104 0.03563125231835771 
0.526131674672198 0.10315186221167617 0.02282937626899783 0.3256270431110113 0.02226004373611667 
0.5034140403622747 0.24396889704773325 0.05212165827139299 0.18318779175933256 0.017307612559266546 
0.5183968646508232 0.08953678673102342 0.020250368951474487 0.348381282311256 0.023434697355422866 
0.48886984394497923 0.19681212061935546 0.044853393937413576 0.2454120180209615 0.024052623477290216 
0.4823721837024758 0.1725272994773794 0.04039462386214295 0.2772974023290759 0.027408490628925905 
0.5496319988825679 0.1460871933772703 0.029797609017455883 0.25643455868785564 0.018048640034850395 
0.5408076654911199 0.14071725214599887 0.02962110437830816 0.2694488430453736 0.01940513493919958 
0.49073792014737805 0.06196624398545424 0.01485897063435635 0.40444952578524257 0.027987339447568677 
0.5031453077009825 0.2346535606312013 0.050218211950588065 0.1937317920031795 0.018251127714048656 
0.49532275933634917 0.22006445886306014 0.04857550399644854 0.21522782897065273 0.020809448833489414 
0.4790497105195178 0.13441926797923967 0.03200926062554209 0.323783169381353 0.030738591494347437 
0.461820656588417 0.08934701236725241 0.022648153844475275 0.38803440468053496 0.038149772519320405 
0.4684376668819195 0.1192549945180302 0.02931069460047811 0.34859134975226186 0.03440529424731046 
0.46459397454440826 0.10525891570929868 0.02634971317736454 0.3673365519964214 0.03646084457250697 
0.47338556959599776 0.12645819752652396 0.03058453915824849 0.3370091604327838 0.03256253328644597 
0.46521989552783455 0.0733316497105436 0.01862502759436727 0.4057465117702805 0.03707691539697409 
0.4671929315455183 0.11303444986742922 0.027923147306084233 0.35669251970312227 0.03515695157784605 
0.5100102215791139 0.08278610988632812 0.019084816037906235 0.36328458219519977 0.024834270301451807 
0.519456241822137 0.22373005994305337 0.046243641236863565 0.19358775113798501 0.01698230585996114 
0.4608609135302279 0.07308705363092413 0.018767793963764108 0.40835352605216224 0.03893071282292164 
0.5355013865173684 0.11130700934819145 0.02402632899656879 0.30834322978400863 0.02082204535386264 
0.5328087611263901 0.09004896384642742 0.019625670905281254 0.3364786296906944 0.02103797443120683 
0.513672705459473 0.22613415837358994 0.04722392203945586 0.19541121557225474 0.01755799855522662 
0.4576423965415691 0.06851215966920804 0.01774880414555997 0.41562571132767545 0.04047092831598745 
0.4664549570136672 0.09915497724832677 0.0246311639322383 0.3736975817303743 0.03606132007539355 
0.5270738028849247 0.21162327759721747 0.043362698339246025 0.20097101710142104 0.016969204077190807 
0.4915171860326513 0.15605594893372499 0.035738673871132595 0.2899651587869786 0.026723032375512504 
0.5023423246241578 0.19108649619355286 0.041900298160910794 0.2424669474746155 0.022203933546762984 
0.4935221102313031 0.1303306611061777 0.029839499997585093 0.3186841643890569 0.027623564275877265 
0.471768434360719 0.11549559822176285 0.028093224248930054 0.3510330657968111 0.03360967737177717 
0.5385888914110107 0.18246633731308315 0.0373769912243778 0.22401476053709515 0.01755301951443318 
0.5261412948962718 0.07590523759534896 0.01687596155910966 0.3594450098599241 0.021632496089345452 
0.4729340431427816 0.05804979739374752 0.014521289028706 0.42112286504546803 0.03337200538929682 
0.4576333887302429 0.07432842184628222 0.01915060174205926 0.4085470609505879 0.04034052673082757 
0.5065187438996822 0.20536073224894355 0.04416032503798236 0.22358612397971828 0.02037407483367358 
0.46119668985131224 0.07987389070961144 0.02025300961506073 0.4000756691494803 0.03860074067453534 
0.4610947134144274 0.057578466160497915 0.014866528621733517 0.4277976591059982 0.038662632697342915 
0.49665810501709917 0.17038955974789544 0.03829297171853523 0.26989655102400506 0.02476281249246529 
0.5278085723837698 0.2069771938506245 0.04209400647632431 0.20587359609164022 0.017246631197641225 
0.45614248530340024 0.05882562174989266 0.015361004131978322 0.42829115107824406 0.041379737736484797 
0.4535990265454889 0.05745660672941906 0.015107556808436536 0.4308749901569174 0.042961819759738076 
0.5156476568506627 0.2144941771724965 0.04472966153836833 0.2068434912614602 0.018285013177012307 
0.47079552752773374 0.0850522084435018 0.020870782627635556 0.38843860430201826 0.0348428770991107 
0.5110120615292396 0.1414041606603989 0.030877987089185387 0.292864646788598 0.023841143932577892 
0.5437115297954758 0.18114171445262484 0.03623006828094402 0.22191445361421358 0.017002233856741735 
0.4555731766825268 0.05166867102318417 0.013615966595835185 0.43722709431385776 0.04191509138459614 
0.4837778818363731 0.047773495083665095 0.011676886489254518 0.42842026370113984 0.02835147288956761 
0.45949680895828277 0.050190031860585654 0.01309841053905472 0.43780481970742835 0.039409928934648585 
0.4554123627726067 0.06223757722220402 0.01617232946212991 0.42449593211697445 0.04168179842608489 
0.5030241389462023 0.06460506722020257 0.015121177393972654 0.3919911080523909 0.02525850838723163 
0.45661037074956956 0.044369256711606915 0.011748077856680974 0.44576956444849514 0.04150273023364727 
0.46558975015949106 0.04091353161296233 0.010555162649208907 0.44768173260497796 0.03525982297335983 
0.5503572620034565 0.16247161627283935 0.03249574066092582 0.2374506240934129 0.01722475696936554 
0.5466345227305216 0.11276605984432427 0.023581378902585045 0.2977618112922854 0.01925622723028372 
0.5130356474217403 0.1674604051920618 0.03602428998944964 0.26134489138115025 0.02213476601559789 
0.49580697796188544 0.04521811803464101 0.010774992787757884 0.42367603954846483 0.02452387166725087 
0.4625039358608932 0.06915223046533418 0.017461822334276556 0.4128433927172653 0.03803861862223095 
0.4980282653404288 0.0885070863793962 0.02016125355371716 0.3660879418580321 0.027215452868425537 
0.5139933812728273 0.06814805008798475 0.015603239766958972 0.3789412751997465 0.023314053672482453 
0.5176938805879298 0.1864538731000673 0.039256193969549665 0.23644105124855103 0.02015500109390229 
0.4812700166351517 0.07657718160701629 0.01825061657134637 0.39259670952940917 0.03130547565707637 
0.5355804008760744 0.07262360265462173 0.015742917766891528 0.3560910194918726 0.019962059210539757 
0.5385998091557473 0.1871171709007967 0.03748155712034786 0.219536421049245 0.017265041773863142 
0.5056545353590923 0.05017246007361241 0.011711607353010406 0.40938631322237695 0.023075083991907896 
0.5308062856451544 0.18717010034751508 0.03810647157797154 0.2256477599221047 0.018269382507254153 
0.4567097048632571 0.05952615426119589 0.01538673800357263 0.4274300981273748 0.0409473047445996 
0.4518079086392076 0.05512282106268763 0.01457944069750075 0.43419599144386595 0.0442938381567381 
0.5513121086862832 0.15424831280265844 0.030643404232321824 0.24631242501523598 0.017483749263500614 
0.5295315393738614 0.15311252098352843 0.03182458876783018 0.2651323478744431 0.02039900300033675 
0.5479949451871571 0.08199421452534818 0.01702370949897977 0.33440278072420665 0.01858435006430841 
0.4498267236170694 0.050914219796215146 0.01362819311609412 0.43931444315848556 0.0463164203121358 
0.453302804070444 0.03792121194783379 0.010305387888958828 0.4520872219497887 0.04638337414297481 
0.4504737487506866 0.04351068894979295 0.011788837776822677 0.4468071140423506 0.04741961048034723 
0.5405352193610748 0.1656683866206168 0.03337106904657334 0.24214760553520948 0.018277719436525577 
0.4576443234206226 0.034898072109908855 0.009387852452588849 0.45583789161885174 0.042231860398027926 
0.5205374827456762 0.05910765791479383 0.013332368458296015 0.3856864152602816 0.0213360756209524 
0.5558390774568712 0.13851466622691302 0.027731313311948884 0.2603668968526833 0.017548046151583577 
0.4483025790282503 0.046379359717276504 0.012574215702845674 0.44390638179295333 0.048837463758674246 
0.4706715255466943 0.06081628036168603 0.014982674909059985 0.41930413779641207 0.03422538138614766 
0.4493818930879178 0.048859833713590206 0.013109742874746099 0.4415817516709822 0.047066778652763555 
0.45050803357433233 0.03951861605312786 0.010811558433268016 0.4498104245192817 0.04935136741999018 
0.4489831397913956 0.04334734499972151 0.011808564413861593 0.4466200867200624 0.04924086407495882 
0.4599314917326295 0.05330396004852259 0.013643341177593768 0.43410209279342343 0.039019114247830666 
0.45320647583849905 0.0478459928103324 0.01262480493006611 0.4425055641132803 0.04381716230782197 
0.5003851222997193 0.03511131499679783 0.008323015425007385 0.4348555158930181 0.021325031385457365 
0.4489670632259008 0.043276930880650516 0.011769717896319911 0.446701651969999 0.04928463602712975 
0.5239792854251907 0.049414888818292806 0.011037003190819876 0.3959958019375447 0.01957302062815192 
0.5539417010613921 0.10809158900057529 0.02188479593518488 0.2977982745309845 0.01828363947186332 
0.5462724392070064 0.13535173936432204 0.02735835316475862 0.27221847434126095 0.018798993922652028 
0.4502840267091085 0.04484655128710342 0.012052399985413513 0.4456660284661653 0.04715099355220927 
0.5432943845125758 0.07229212604387024 0.015300668867353323 0.35029707437922103 0.018815746196979528 
0.5106612536032658 0.03864355210717073 0.008926227316485682 0.4217526827538052 0.02001628421927262 
0.45790883651924513 0.027277135559694108 0.007579193674529405 0.45901189345712584 0.04822294078940552 
0.5435504033678985 0.10039378246696427 0.020678802714987895 0.31584762762619595 0.019529383823953354 
0.5367495933764412 0.05922361671842174 0.012761263798403191 0.3725091797244033 0.018756346382330633 
0.48165492236610497 0.02956956582514865 0.007337082614182589 0.4562254500055804 0.0252129791889832 
0.45091465055521474 0.03846929462787218 0.01051705804417852 0.4505720536568334 0.049526943115901084 
0.4679377786755968 0.028384344782618556 0.007399750700404534 0.46348909791461945 0.032789027926760715 
0.4596418200356483 0.023233183931153794 0.006483353544449459 0.4640064812536752 0.046635161235073185 
0.4561375420892621 0.041788264542842346 0.010973239895020458 0.44908658994638 0.042014363526495076 
0.5318491128758361 0.08822308504613148 0.018632668991384976 0.3403644018962418 0.020930731190405633 
0.4691348447843196 0.018169060055207697 0.004938922820820272 0.4722855638995085 0.03547160844014392 
0.45106319586979465 0.040852286055928944 0.011042512867773371 0.4492634158774504 0.04777858932905257 
0.45601263804665265 0.029412018180752585 0.008171081170519475 0.45654415712190033 0.04986010548017504 
0.4762427167293939 0.016562038504172663 0.004353112289955133 0.4762427167293939 0.026599415747084573 
0.5204389028061887 0.04145244675058152 0.00932926500739935 0.4099348502430833 0.018844535192747158 
0.45560524691165005 0.03029508501754462 0.008358015850218994 0.455849711125403 0.04989194109518335 
0.479319156774316 0.021684085689299245 0.005475441113274941 0.46974478743111725 0.023776528991992542 
0.47161496056554075 0.03956864385227064 0.009787378338168935 0.44749452877516543 0.03153448846885426 
0.49489981959005686 0.02632326559525835 0.006344724989019425 0.4524075947505314 0.020024595075134002 
0.502450826446598 0.02878156856122481 0.00678869370521943 0.442895085608837 0.019083825678120878 
0.44362926510318634 0.015399242204481207 0.004441441160811892 0.4853901668357702 0.0511398846957504 
0.4496007046305201 0.018598424015600325 0.00532034287274835 0.4742384104482669 0.052242118032864326 
0.48882183105071975 0.059838798693386 0.014006083416012506 0.40930999532602813 0.028023291513853604 
0.4866940186357007 0.021824107095458935 0.005401153784559882 0.4653644118533594 0.020716308630921172 
0.48146217291689397 0.019547059203421646 0.004936885231398169 0.47210138861380396 0.021952494034482278 
0.45593400864694505 0.0323456378013164 0.00878518811588045 0.45593400864694505 0.047001156788913145 
0.4558830719724454 0.027619123271921252 0.007694844388525003 0.4578841020046853 0.05091885836242305 
0.5114843056928243 0.03100986567608354 0.007129280761452859 0.43240069781369306 0.017975850055946156 
0.4947564493033533 0.02278773605451118 0.005491250601318762 0.4582594499920677 0.018705114048749073 
0.522393993981642 0.036696983213818375 0.008160304212061336 0.415223545630018 0.017525172962460173 
0.47462213645972257 0.013999547325899532 0.003760662671020458 0.47911307155223204 0.028504581991125322 
0.4822181123148185 0.017284176182196145 0.004372707213203323 0.47545005982509747 0.020674944464684472 
0.5326302667568765 0.049751216154027916 0.010739462856433795 0.388672726618436 0.018206327614225772 
0.4784884279170786 0.017372045004997845 0.004459351833597321 0.47648580406022256 0.023194371184103748 
0.4561120220751858 0.026565730760531803 0.007388769955625662 0.459069376396819 0.05086410081183787 
0.4797201024230765 0.01449810659447927 0.003768922266618921 0.47968825419291383 0.022324614522911616 
0.4864438347347746 0.01821141090853718 0.004517713206447569 0.4716408633389099 0.01918617781133067 
0.5153282003319808 0.029905733064637043 0.006763342027397133 0.4310425123651019 0.016960212210883206 
0.457762220223456 0.02820991206792954 0.007732038976075327 0.4582946831067612 0.04800114562577793 
0.5214172091707777 0.04164009985486035 0.009138231595010224 0.409266054927275 0.01853840445207663 
0.49183314850835724 0.01857075888240259 0.004507172108762267 0.4675128963914234 0.01757602410905462 
0.5015033308747937 0.02320813673160542 0.005468385314008295 0.4525257186865906 0.01729442839300214 
0.48091075940156386 0.013527519659869564 0.003513957275137072 0.4808999024883764 0.021147861175052993 
0.49066177912894626 0.03506580890065152 0.00820476269582574 0.4426659426221432 0.023401706652433348 
0.5103375461726043 0.06025761649155098 0.013396986998846009 0.3929848533518321 0.023022996985166543 
0.4572502090219348 0.02550910730741995 0.007056408447066346 0.46060345550836884 0.049580819715210125 
0.4603888255809249 0.025745121915032407 0.007006604539292703 0.461391283766267 0.04546816419848299 
0.5188436622510185 0.034562935757722235 0.007682008290231151 0.42138668904938326 0.01752470465164479 
0.007335580047153416 0.035409359159856324 0.4781895009591144 0.4781895009591146 0.0008760588747611677 
0.5062503376470601 0.02381279566176313 0.005508863740594178 0.4478778116069407 0.01655019134364197 
0.4787282107371857 0.012048990421095643 0.0032043551486805617 0.48212452072263196 0.023893922970406146 
0.007222352003195566 0.03556274951961472 0.4781852460052955 0.4781852460052955 0.0008444064665987025 
0.007179498127465415 0.035174715897920594 0.478401276898694 0.478401276898694 0.0008432321772260002 
0.4860313888355062 0.015428150890455516 0.0038349346806782576 0.47676424808810913 0.017941277505250878 
0.007211447748723719 0.034640029427928244 0.4786417536300424 0.4786417536300424 0.0008650155632631997 
0.007130155719823958 0.0340922287087425 0.47895631435179614 0.47895631435179636 0.0008649868678409168 
0.4790622108662253 0.01340539821187595 0.00352925408696302 0.4798770121299101 0.024126124705025533 
0.5177683339734636 0.04841809383118303 0.010629906314638428 0.4029771136215844 0.020206552259130643 
0.006933567875664597 0.03418112284865831 0.4790349712844004 0.4790349712844003 0.0008153667068763465 
0.4831163378094038 0.014778237369351419 0.0037399936855980346 0.47922422860664465 0.01914120252900225 
0.0076289054151439445 0.03523394030197294 0.47809181012703983 0.4780918101270397 0.0009535340288036575 
0.4972954393726601 0.019138889801288497 0.004539665170434778 0.46261277887889535 0.016413226776721298 
0.4526195544863558 0.022180115046466484 0.006261102699375835 0.4656624987201345 0.05327672904766744 
0.007391411088570089 0.03481319702906668 0.47844480542783563 0.47844480542783563 0.0009057810266920174 
0.47576552196444855 0.010696318239625168 0.002892642407892072 0.48624271919488854 0.02440279819314559 
0.006942871017852975 0.034846960882667324 0.47870528307360205 0.47870528307360194 0.0007996019522756829 
0.007245042673463149 0.03383085529203164 0.47901099985426115 0.47901099985426104 0.000902102325983117 
0.5070328886065999 0.0249870807162815 0.005714200237727351 0.44551484384733936 0.016750986592051792 
0.007456598160637483 0.03491002123780915 0.4783581994543688 0.4783581994543687 0.0009169816928159638 
0.4899011286577148 0.015655933712773167 0.003809210093795373 0.47404457066525046 0.016589156870466196 
0.48095778910455855 0.011755679347174607 0.0031082755679645965 0.4823502103602598 0.02182804562004248 
0.006891957044905252 0.034581489877746015 0.47886733148717064 0.47886733148717064 0.0007918901030074553 
0.007759269372811214 0.03517268699875976 0.47803960577133225 0.4780396057713325 0.0009888320857642146 
0.006946844291493621 0.03541263504193247 0.4784275201840999 0.4784275201840998 0.0007854802983742889 
0.4826165104101521 0.011896602787842792 0.003091065588707413 0.48261867138716275 0.019777149826134932 
0.47259407572538153 0.010877387779063682 0.002947461724651379 0.4872070944011061 0.026373980369797392 
0.46496363496862936 0.024437707314636826 0.006492150753080727 0.46497265855483616 0.03913384840881688 
0.007487279792695763 0.03404273483163403 0.47875600074023206 0.47875600074023206 0.0009579838952060466 
0.006919792673260309 0.03579277087570209 0.47825916520101547 0.47825916520101547 0.0007691060490067515 
0.007800638371183715 0.034868309740863725 0.478159233101546 0.4781592331015459 0.0010125856848607476 
0.4548791571750245 0.023581645117712723 0.006595957571262835 0.46309359181343357 0.05184964832256636 
0.006446687443338652 0.03365905587648444 0.4795882232971515 0.47958822329715173 0.0007178100858734922 
0.0063322782331520135 0.03226359532652051 0.48033887523925806 0.48033887523925795 0.0007263759618115931 
0.007588644240601178 0.03455542884593934 0.4784467349381207 0.47844673493812057 0.0009624570372182914 
0.0077789142935172735 0.03462992566919316 0.4782893756687705 0.4782893756687704 0.0010124086997487338 
0.46088122159284733 0.01115194851525363 0.003103106553970242 0.49219437464191945 0.03266934869600931 
0.006727717264527221 0.034664077448321826 0.47892797845236 0.47892797845236 0.0007522483824308969 
0.007175087569930825 0.034090288711723156 0.47893209329805636 0.47893209329805636 0.0008704371222331997 
0.006725600508023882 0.03533245601382728 0.4786019893634849 0.47860198936348514 0.000737964751178782 
0.006680632784217822 0.031882485140677666 0.48031231384122636 0.4803123138412266 0.000812254392651541 
0.0064654547611759615 0.031443624680395146 0.4806559831278062 0.4806559831278062 0.0007789543028164395 
0.006546237677279909 0.03448176779890191 0.4791275827923521 0.4791275827923519 0.0007168289391141969 
0.4308989719559087 0.0144379120728451 0.004217707531839009 0.4935165161723382 0.056928892267069 
0.006718614566643629 0.03144915526498863 0.48049511763021013 0.48049511763021013 0.0008419949079474467 
0.42013076934946414 0.012248313823568903 0.0036146701127778105 0.5075669475078339 0.05643929920635528 
0.007973706522021408 0.03498730307940645 0.4779923754837183 0.4779923754837183 0.0010542394311355765 
0.49704838954237823 0.01888335182286928 0.004444004215009303 0.46335089210810776 0.016273362311635415 
0.00642628219196615 0.03174223565954475 0.48053796662098214 0.48053796662098214 0.0007555489065248663 
0.48613582905246644 0.012991066995515168 0.003218497208247492 0.48110377906699786 0.01655082767677303 
0.007759589674738213 0.03426868100297687 0.47847393816646233 0.47847393816646233 0.0010238529893603352 
0.4707361317021294 0.025698078532196227 0.006487719998949797 0.4669605215010909 0.03011754826563363 
0.46788832667987273 0.008964761427861996 0.0024691975767428547 0.4956919044098784 0.024985809905644002 
0.4787039428344219 0.010362812409605291 0.002779500361061127 0.4858297366520484 0.02232400774286324 
0.4034785065405325 0.007559290629460355 0.002223400528033456 0.5438600578597031 0.04287874444227057 
0.007625590426253871 0.033683131895466886 0.47884440619235835 0.47884440619235835 0.0010024652935625867 
0.006191505485896906 0.0319391617943294 0.48058618183685736 0.48058618183685736 0.0006969690460589924 
0.007588495580305146 0.0332278151953013 0.4790843912320247 0.4790843912320247 0.00101490676034431 
0.006004166379057685 0.031840320005109626 0.48074886861945676 0.48074886861945676 0.0006577763769192724 
0.4413367942514697 0.00861552656061256 0.002448179924851778 0.513747486790971 0.033852012472094885 
0.49057291481435683 0.015379117611993117 0.003702215000340818 0.4741948644232136 0.016150888150095615 
0.45332526788692223 0.021496729223630807 0.0060404566663251995 0.4669817075658778 0.052155838657243894 
0.00803817333083465 0.03470768912932371 0.4780847801154397 0.4780847801154395 0.0010845773089624634 
0.4710718164490096 0.008423362683057762 0.002299912623217356 0.4955714575388407 0.022633450705874594 
0.49887688867609625 0.031158005021555704 0.007161412991382537 0.4425394353488377 0.02026425796212765 
0.0080220631702533 0.03484768614294804 0.47802927018809943 0.47802927018809965 0.0010717103105994 
0.4818281186234037 0.01011039330480571 0.002672058916977675 0.4852731013368208 0.02011632781799216 
0.007297887733134621 0.032868797868128546 0.47944573333916246 0.47944573333916235 0.0009418477204120832 
0.4928500367417841 0.019158814876731847 0.004524433492343635 0.4661094367558084 0.017357278133332068 
0.005926130777997284 0.03205106026154189 0.480690290204993 0.480690290204993 0.0006422285504748727 
0.43693479508176447 0.015339489572290147 0.004434372529766497 0.4879294486736018 0.055361894142577195 
0.4500312455089329 0.0192670356095732 0.005456219248663627 0.47246165549878355 0.05278384413404672 
0.0049796218481788935 0.026581922684342545 0.48394052385386016 0.48394052385386005 0.000557407759758406 
0.4842213737670087 0.012070076055518254 0.003052330363379863 0.48321837753877284 0.017437842275320362 
0.3861033136145842 0.008435645349449449 0.002533487871871426 0.5477015603561768 0.05522599280791805 
0.456988131826355 0.02235663927945844 0.0062020755971425095 0.46522472212795 0.04922843116909405 
0.007877521038690693 0.03392653157870453 0.47856296360964395 0.47856296360964395 0.001070020163316896 
0.006039935053065972 0.032735361497282844 0.48028741798298075 0.48028741798298075 0.0006498674836896984 
0.4842613928392997 0.010324832800993007 0.002671946244405989 0.484583785160579 0.01815804295472238 
0.39895446709726123 0.010601528596666585 0.003171140439132101 0.5262593372861772 0.06101352658076283 
0.5068952471918772 0.029490972778169564 0.006688050908369559 0.4387635951826556 0.018162133938928064 
0.008063952021939273 0.034631767220721775 0.4781064722549279 0.4781064722549278 0.0010913362474833084 
0.0053896115741353294 0.02913944609590267 0.4824399334527189 0.4824399334527189 0.0005910754245241915 
0.005736228389188221 0.02740745714337661 0.4830714937277786 0.48307149372777847 0.0007133270118781256 
0.00774083609159269 0.03375325654833759 0.47873724000195256 0.47873724000195256 0.0010314273561647684 
0.008237457441694308 0.03510101656713979 0.4777682255542358 0.4777682255542358 0.0011250748826942686 
0.4604874363916999 0.02197602325238217 0.006020703661271322 0.46597112178757555 0.045544714907071016 
0.453792765209484 0.008086086254642551 0.002269046144897597 0.5080637249035529 0.02778837748742293 
0.0072679097056578025 0.032492257154488204 0.4796434839318993 0.4796434839318993 0.0009528652760553326 
0.45404078263278635 0.02019011749082065 0.005653998153242672 0.4696540312944852 0.05046107042866507 
0.0057002633532486436 0.02942260246566414 0.4821157467842293 0.4821157467842292 0.0006456406126287226 
0.48546031547190616 0.01360171800448598 0.0033213073406061855 0.4805526366952729 0.017064022487728904 
0.005872912706323924 0.03188141321351503 0.4808076300343369 0.4808076300343369 0.0006304140114872839 
0.47799521540619627 0.019093562816839323 0.004727261520545015 0.4746101190113353 0.023573841245084052 
0.008152229920498022 0.0345996241436574 0.47806308882632476 0.47806308882632476 0.0011219682831950931 
0.005146552207972839 0.026169537256341795 0.48403985031525365 0.48403985031525365 0.0006042099051781063 
0.45028900829267793 0.007347881582616953 0.0020694274384731996 0.5137177089500569 0.02657597373617503 
0.006396074923600238 0.030006724261157636 0.4814003333471852 0.4814003333471852 0.0007965341208717665 
0.4907164003391657 0.023572063534889116 0.005552672540843657 0.4603764880264461 0.019782375558655526 
0.4445041737403799 0.0076536131016581915 0.002159962596882233 0.5162660962027756 0.02941615435830404 
0.4521298711051842 0.01688709706521289 0.004732179881180253 0.4781807631740975 0.04807008877432514 
0.48372202652229024 0.00902880307708603 0.0023562971413040026 0.4869838086738695 0.017909064585450354 
0.4745447721447134 0.007809520812742373 0.0021044670962605716 0.49541120346986156 0.02013003647642206 
0.0068993070295748915 0.030970578948750407 0.4806162814478046 0.4806162814478044 0.0008975511260658349 
0.4700804552238928 0.017972888906792054 0.004761508438232504 0.47265989812523007 0.03452524930585251 
0.44293589879737816 0.015371399027169495 0.0043821479278395685 0.4857247841005564 0.05158577014705638 
0.0057909228037218135 0.03227561567189733 0.4806616761678538 0.4806616761678538 0.0006101091886731699 
0.48536646933319727 0.010042206582557183 0.002554710297514573 0.48536646933319716 0.016670144453533913 
0.005645826701764771 0.03143740335288216 0.481161372822011 0.481161372822011 0.0005940243013311194 
0.48537383664304534 0.010601860144871909 0.002653527498250306 0.4851896324830172 0.016181143230815258 
0.008011344453261406 0.033951040421896776 0.4784653611534524 0.4784653611534523 0.001106892817937237 
0.4587035334004523 0.01969190642755717 0.005433883279503089 0.47012876447665847 0.046041912415828876 
0.005278148043977254 0.029312140786277887 0.4824260091088742 0.48242600910887407 0.0005576929519966835 
0.005270876688558891 0.02969055151739482 0.48224113859133655 0.48224113859133655 0.0005562946113732429 
0.005791139314244861 0.03320916284304958 0.4802032562629964 0.4802032562629963 0.0005931853167128251 
0.007479585018393649 0.03234376581225149 0.4795797396186232 0.4795797396186232 0.0010171699321084489 
0.007718329919094634 0.03325950041457926 0.4789891266418391 0.4789891266418389 0.0010439163826481556 
0.00823625232247219 0.03468441417154492 0.4779691572504891 0.477969157250489 0.0011410190050048597 
0.0056072547104260234 0.03243215409417217 0.4806939066901491 0.4806939066901491 0.0005727778151036173 
0.006413253199546708 0.029537383037554953 0.48161688202877645 0.48161688202877645 0.0008155997053454239 
0.005550145779450804 0.0323639692703159 0.4807627598183317 0.4807627598183317 0.0005603653135698692 
0.48192397253220526 0.012805017974926966 0.003209290260200224 0.48192397253220526 0.020137746700462297 
0.42082967341876254 0.006130378063754615 0.001769663064757802 0.5414371189851552 0.029833166467569828 
0.0055460450678938384 0.03259995791667362 0.48064840996304165 0.48064840996304165 0.0005571770893493282 
0.3820394421368764 0.009253735651173907 0.0028000233092126876 0.5435714101904805 0.062335388712256495 
0.41653419941084113 0.01203155206254743 0.0035415363355533564 0.5102237585353978 0.05766895365566024 
0.4568852237714276 0.006976945168068892 0.0019406200898028831 0.5107087529787367 0.023488457991963786 
0.007649397048871956 0.032767639982040464 0.4792692652641824 0.4792692652641826 0.0010444324407225063 
0.00505042922152306 0.0294299177769536 0.48250346375349573 0.48250346375349573 0.0005127254945318139 
0.43296432731998263 0.006121579007264636 0.0017466128555337845 0.5325068098830328 0.026660670934186215 
0.006981162027265319 0.030850499928203257 0.48061823296636175 0.48061823296636175 0.0009318721118078599 
