0.0003949302118499334 0.0014248134527237958 0.009585460588280682 0.49429739787357285 0.49429739787357285 
0.0003678591777974134 0.001329597261195877 0.0090006948223187 0.49465092436934416 0.49465092436934394 
0.0004190194074127303 0.001509321963189079 0.01009994206937008 0.493985858280014 0.493985858280014 
0.00041965270249205244 0.0015115409291354628 0.010113395226362624 0.4939777055710049 0.4939777055710049 
0.000419663738132849 0.0015115798448793712 0.010113634056181604 0.49397756118040315 0.49397756118040304 
0.00041905295506686793 0.0015094397618253474 0.010100659243251856 0.49398542401992795 0.49398542401992795 
0.00041788204884785676 0.0015053364909278593 0.010075771852823665 0.4940005048037004 0.4940005048037004 
0.0004162650417601397 0.0014996694899069166 0.010041388187784212 0.49402133864027437 0.49402133864027437 
0.0003990727559154187 0.001439360645940717 0.009674320804169606 0.4942436228969872 0.4942436228969872 
0.0003973790296412697 0.001433413596648197 0.00963800893904439 0.49426559921733315 0.49426559921733315 
0.00039557145423875994 0.0014270659110387975 0.009599230517039904 0.49428906605884143 0.4942890660588412 
0.0003938291588678283 0.0014209461413982002 0.009561819103723685 0.4943117027980051 0.4943117027980051 
0.00039232121121309384 0.0014156484042201927 0.009529412173501417 0.4943313091055327 0.4943313091055327 
0.00039119205749534215 0.0014116810941173599 0.009505134739049785 0.4943459960546688 0.4943459960546688 
0.0003837045568575189 0.0013923760371825475 0.009470550388818822 0.49437668450857053 0.49437668450857053 
0.0003836298311208379 0.001392251970741615 0.009471463279137025 0.4943763274595003 0.4943763274595003 
0.00038302043086664507 0.001390224452523975 0.009460440422232817 0.4943831573471884 0.4943831573471882 
0.00038193802967763813 0.001386498271657351 0.009438587823440762 0.4943964879376121 0.4943964879376121 
0.0003804886457132352 0.001381437990278456 0.009408033993900366 0.49441501968505397 0.49441501968505397 
0.00037881813171736044 0.0013755522851491926 0.009371838656042016 0.49443689546354574 0.49443689546354574 
0.00036221482337089205 0.0013167817055840213 0.009006621921246457 0.49465719077489934 0.49465719077489934 
0.00036068583860232974 0.0013113437168693466 0.00897246835579214 0.4946777510443682 0.49467775104436806 
0.00035925152005116917 0.0013062004275882302 0.008939651155309864 0.49469744844852553 0.4946974484485253 
0.0003580500077737326 0.0013018483792285 0.008911354494376512 0.4947143735593107 0.4947143735593107 
0.0003571974564315721 0.0012987087306002355 0.00889032544062713 0.49472688418617067 0.49472688418617045 
0.0003567761043072147 0.0012970847578584218 0.008878604367635934 0.4947337673850992 0.4947337673850992 
0.0003502190818715034 0.0012802313830763837 0.008851669840949867 0.49475893984705127 0.49475893984705105 
0.0003494887624212958 0.0012778876721996771 0.008840086455529587 0.49476626855492484 0.4947662685549246 
0.0003483086049576446 0.0012739134863323396 0.00881788657202114 0.49477994566834455 0.4947799456683443 
0.00034679285910751485 0.0012686928545703618 0.008787201312675744 0.49479865648682303 0.49479865648682325 
0.000345094778356587 0.0012627533507857693 0.008751122027201602 0.49482051492182805 0.49482051492182805 
0.0003433778125160283 0.001256667877341883 0.008713138816621285 0.4948434077467604 0.4948434077467604 
0.0003273789801583876 0.0011995259411307943 0.008350512572599396 0.49506129125305576 0.49506129125305576 
0.0003260108365537033 0.001194595955743424 0.008318639383605124 0.49508037691204887 0.49508037691204887 
0.00032492301477966167 0.0011905954039247628 0.00829177124217115 0.49509635516956224 0.49509635516956224 
0.0003242242292793604 0.0011879239239648768 0.008272594248288174 0.49510762879923387 0.49510762879923387 
0.0003239784555738217 0.0011868279176687748 0.008262903489869786 0.49511314506844384 0.49511314506844384 
0.000324211663737256 0.0011874204276268111 0.008263674911768496 0.49511234649843355 0.4951123464984338 
0.0003195391527699743 0.0011763449092068788 0.00826397041370949 0.4951200727621568 0.4951200727621568 
0.0003182278141425244 0.0011719878836563152 0.008240456402292458 0.49513466394995437 0.49513466394995437 
0.0003165408453305165 0.0011662428164188007 0.008207536133250414 0.4951548401025002 0.4951548401025001 
0.0003146458290548685 0.0011596799036763426 0.008168462491817324 0.4951786058877258 0.49517860588772566 
0.0003127316638023651 0.0011529539722141512 0.008127134679022938 0.49520358984248025 0.49520358984248025 
0.0003109829539734659 0.001146715790997939 0.008087574012620783 0.49522736362120395 0.49522736362120395 
0.000295584407359887 0.0010912401769861812 0.007728237258361477 0.49544246907864625 0.49544246907864625 
0.0002943613171999827 0.0010867770869208292 0.007698557700969447 0.49546015194745485 0.49546015194745485 
0.00029358589578210156 0.0010838294136617241 0.007677454367644172 0.49547256516145605 0.49547256516145605 
0.0002933350631852256 0.0010826894006149583 0.007667024068158104 0.49547847573402093 0.4954784757340208 
0.0002936304340283902 0.0010834577605037781 0.007668219849959896 0.495477345977754 0.495477345977754 
0.00029444266639811606 0.001086056211617046 0.007680889104707842 0.49546930600863853 0.49546930600863853 
0.00029246627842180245 0.0010837142145769427 0.007727390043464619 0.4954482147317683 0.4954482147317683 
0.00029066033361434544 0.0010776037289914901 0.007692950200868386 0.4954693928682629 0.4954693928682629 
0.00028854627008912623 0.0010703295420387315 0.007650270351539809 0.49549542691816617 0.49549542691816617 
0.0002863340075484972 0.0010626140328412052 0.007603579903897442 0.4955237360278565 0.4955237360278564 
0.0002842417944374118 0.001055219978670609 0.007557507635295426 0.49555151529579833 0.4955515152957982 
0.0002824722462313187 0.0010488667149689676 0.007516575094945189 0.4955760429719273 0.4955760429719273 
0.00026764562984952817 0.0009950220887378614 0.007161034802972333 0.49578814873922017 0.49578814873922006 
0.0002665513863415668 0.0009909817302547097 0.007133439680462374 0.4958045136014707 0.4958045136014707 
0.0002660449896140772 0.0009889598761343992 0.007117657213581818 0.49581366896033485 0.49581366896033485 
0.00026617647789313275 0.000989155883945814 0.007115247008017761 0.4958147103150717 0.4958147103150717 
0.0002669307159970706 0.0009915408762064385 0.007126368949609193 0.49580757972909373 0.4958075797290936 
0.0002682348644468203 0.0009958821550854443 0.007149905565786821 0.49579298870734045 0.49579298870734045 
0.00026962187388361494 0.0010048102847458687 0.007260288780876093 0.49573263953024727 0.49573263953024715 
0.00026741403076281124 0.000997243793917943 0.00721633685065034 0.49575950266233443 0.49575950266233443 
0.00026495580890612593 0.0009887084511205953 0.0071651950517244035 0.49579057034412444 0.49579057034412444 
0.0002624904208294376 0.000980049459410483 0.0071119256664637955 0.49582276722664814 0.49582276722664814 
0.00026025873988515854 0.0009721157350182034 0.0070617816424027305 0.49585292194134695 0.49585292194134695 
0.00025847746670631293 0.0009656820221856143 0.0070197156803838085 0.49587806241536214 0.49587806241536214 
0.0002441684133730207 0.000913348395619403 0.006668167396721573 0.4960871578971431 0.49608715789714297 
0.0002431834010473892 0.0009096725918922566 0.006642449107285441 0.49610234744988746 0.49610234744988746 
0.000242898935301719 0.000908429468387402 0.006631348996236126 0.49610866130003733 0.49610866130003733 
0.0002433417798582939 0.0009097361325720222 0.006635924566019264 0.49610549876077525 0.49610549876077525 
0.0002444685410984996 0.0009134615101431985 0.006655674032093644 0.4960931979583324 0.4960931979583323 
0.000246171500544114 0.0009192461234764082 0.0066886449124624395 0.4960729687317585 0.4960729687317585 
0.00025144073824052456 0.000941498822749721 0.006878320860614664 0.49596436978919756 0.49596436978919756 
0.00024892672419258216 0.000932800725416761 0.006826649869568309 0.4959958113404112 0.4959958113404112 
0.0002462065372624128 0.0009232848503894091 0.006768625778050705 0.49603094141714876 0.49603094141714876 
0.00024355109706295406 0.000913900287526092 0.006710041107586038 0.49606625375391245 0.49606625375391245 
0.0002412181443007887 0.0009055620459217649 0.006656655888576956 0.4960982819606003 0.4960982819606003 
0.0002394310711651613 0.000899074311429437 0.006613696451093934 0.49612389908315574 0.49612389908315574 
0.00022556000261876575 0.0008480450493675484 0.006265951535452475 0.49633022170628066 0.49633022170628066 
0.00022466321332702561 0.0008446681729882451 0.006241833445862892 0.49634441758391096 0.49634441758391096 
0.00022454963845057243 0.0008440351601478993 0.006234551526042408 0.4963484318376796 0.4963484318376796 
0.00022523148185794628 0.0008462102395690996 0.006244821425951502 0.4963418684263108 0.4963418684263107 
0.0002266437563746885 0.0008509825692551963 0.006271599684325863 0.49632538699502216 0.49632538699502216 
0.00022864986751567766 0.0008578859971985255 0.006312204337563109 0.4963006298988615 0.49630062989886126 
0.00023820298220007634 0.0008950940081041719 0.0065939589158179055 0.49613637204693894 0.49613637204693894 
0.00023547420516047197 0.000885588731277242 0.006536580756199676 0.49617117815368145 0.4961711781536812 
0.00023257275232045605 0.0008753814468353461 0.006473508688674098 0.49620926855608505 0.49620926855608505 
0.00022978594192235807 0.0008654849144282556 0.006411014239255235 0.4962468574521971 0.4962468574521971 
0.00022738302521739233 0.000856860414829544 0.006355230406513051 0.49628026307671996 0.49628026307671996 
0.00022559746337025158 0.0008503521355984837 0.0063117041443287916 0.49630617312835135 0.4963061731283511 
0.00021206159485270858 0.0008003372750158525 0.005967147433655191 0.49651022684823815 0.49651022684823815 
0.00021122641506530603 0.0007971714722265386 0.005944188312330599 0.49652370690018877 0.49652370690018877 
0.00021123593536616125 0.000796984003656114 0.005939785734454656 0.49652599716326157 0.49652599716326157 
0.00021208638486251927 0.0007997811712751518 0.005954277577538034 0.4965169274331622 0.4965169274331622 
0.00021369775186900653 0.0008052956151820379 0.005986220772073019 0.4964973929304381 0.4964973929304379 
0.00021591605500504443 0.0008129951173215472 0.006032454504795685 0.4964693171614389 0.4964693171614389 
0.00023006969391096307 0.0008664349278623805 0.006416186995473363 0.4962436541913767 0.4962436541913766 
0.00022721155034565745 0.0008564376672558801 0.006355240787459295 0.4962805549974697 0.4962805549974695 
0.0002242018693100061 0.0008458120603735187 0.006289028682898825 0.4963204786937088 0.4963204786937088 
0.00022133777597303564 0.0008356095192925639 0.00622412201499598 0.4963594653448692 0.4963594653448692 
0.00021889633529035941 0.0008268226965640977 0.006166907511079293 0.4963936867285331 0.4963936867285331 
0.00021711255691006677 0.0008203044377235362 0.0061230378321227436 0.4964197725866218 0.4964197725866218 
0.00020379043010034537 0.0007709447261039842 0.005780663076052257 0.49662230088387166 0.49662230088387166 
0.00020299368611688523 0.0007679118489083405 0.005758452256292008 0.4966353211043412 0.49663532110434144 
0.00020307559817457426 0.0007679894569752741 0.0057558081796386185 0.49663656338260576 0.49663656338260576 
0.0002040270353188033 0.0007711635505657523 0.005772925162849799 0.49662594212563277 0.49662594212563277 
0.00020575785349095775 0.0007771284773246071 0.005808085589025329 0.4966045140400797 0.4966045140400795 
0.00020810372963669761 0.0007853121849270741 0.005857831303544569 0.4965743763909458 0.4965743763909458 
0.00022711578489857917 0.0008559654583858948 0.006350355498104641 0.49628328162930546 0.49628328162930546 
0.0002242120809189277 0.0008457932305444245 0.006288112836182828 0.49632094092617696 0.49632094092617696 
0.00022116343174088108 0.0008350158522733085 0.006220741394995339 0.4963615396604954 0.4963615396604952 
0.0002182724540567264 0.0008247056080711336 0.006154964848689352 0.4964010285445914 0.4964010285445914 
0.00021581736730207687 0.0008158607398090288 0.006097228460662963 0.49643554671611295 0.49643554671611295 
0.0002140346872269898 0.0008093405455572351 0.006053243993473768 0.496461690386871 0.496461690386871 
0.00020079252298122987 0.0007602300206018649 0.0057117641570426396 0.4966636066496871 0.4966636066496871 
0.0002000097285194802 0.0007572458482030349 0.005689834360832328 0.4966764550312227 0.4966764550312225 
0.00020011795545395137 0.0007574205946216695 0.005687847290648282 0.49667730707963803 0.49667730707963803 
0.00020110513830501453 0.0007607293422277813 0.005705921902352283 0.49666612180855757 0.49666612180855735 
0.0002028791021767962 0.0007668582277214273 0.005742274254065269 0.4966439942080183 0.4966439942080182 
0.00020526988333903254 0.0007752140022124955 0.005793294538981745 0.49661311078773335 0.49661311078773335 
0.00022936372179036162 0.0008638315472884705 0.006398362495998101 0.49625422111746154 0.49625422111746154 
0.0002264951717061548 0.0008537932295878075 0.006337091044092842 0.49629131027730666 0.49629131027730666 
0.00022347690554256312 0.0008431333106820956 0.006270598829556534 0.49633139547710947 0.49633139547710947 
0.0002206068597088446 0.000832906488297044 0.0062054846689758615 0.4963705009915091 0.4963705009915091 
0.00021816338988712755 0.0008241102973694827 0.006148171497405409 0.496404777407669 0.496404777407669 
0.00021637939126880275 0.0008175904290324006 0.0061042729422526075 0.49643087861872315 0.49643087861872304 
0.00020307878230444506 0.000768305337932956 0.005762289156399506 0.49663316336168145 0.4966331633616817 
0.0002022862923409847 0.0007652880493161726 0.005740180295096653 0.49664612268162306 0.49664612268162306 
0.00020237369228234874 0.000765386939212328 0.005737696086911004 0.49664727164079714 0.49664727164079714 
0.0002033335060963781 0.0007685936020543369 0.0057550621774649655 0.4966365053571921 0.4966365053571921 
0.00020507409603693098 0.0007745968050829168 0.005790521211517086 0.4966149039436816 0.49661490394368146 
0.00020743025820372875 0.000782820996781609 0.005840586849997009 0.4965845809475089 0.4965845809475088 
0.00023679464626284524 0.0008899133107769098 0.006558702967242049 0.4961572945378592 0.49615729453785906 
0.00023404371576192138 0.0008803216650464237 0.006500657299166656 0.4961924886600125 0.4961924886600125 
0.00023112455760567887 0.000870044240834046 0.00643702347403289 0.49623090386376373 0.49623090386376373 
0.00022832458554008733 0.0008600950252995291 0.0063740950732139355 0.4962687426579732 0.4962687426579732 
0.0002259165033698401 0.0008514480471614336 0.006318094508867026 0.49630227047030084 0.49630227047030084 
0.00022413184519349196 0.0008449412609823137 0.006274540075170566 0.4963281934093268 0.4963281934093268 
0.00021063799791573993 0.000795071546151781 0.005930734649924768 0.496531777903004 0.4965317779030038 
0.00020980983674622215 0.0007919315752059446 0.005907944527115093 0.4965451570304664 0.4965451570304664 
0.00020983125500147765 0.0007917896979496282 0.0059038761774402645 0.4965472514348043 0.4965472514348043 
0.00021069959408327434 0.0007946556783953417 0.0059188824677885565 0.49653788112986647 0.49653788112986647 
0.0002123309839912368 0.0008002479885244654 0.005951423254413347 0.49651799888653564 0.4965179988865354 
0.000214571192572861 0.0008080327373246826 0.0059983147961403275 0.49648954063698114 0.49648954063698103 
0.00024933698723319153 0.0009337913728569344 0.006826388625695083 0.4959952415071074 0.4959952415071074 
0.0002467897750546489 0.0009249648473719359 0.006773743777524712 0.49602725080002436 0.49602725080002436 
0.00024404188831172788 0.0009153406840976676 0.006714877237540179 0.4960628700950252 0.4960628700950252 
0.00024136683114128296 0.0009058781995732714 0.006655662883401265 0.4960985460429421 0.4960985460429421 
0.00023902332642392068 0.0008974968580113062 0.006601905017076354 0.4961307873992442 0.4961307873992442 
0.00023723878619259708 0.0008910154793352803 0.006558930058763097 0.49615640783785453 0.49615640783785453 
0.00022342828216008088 0.0008401940830757103 0.006212240255496004 0.4963620686896342 0.49636206868963406 
0.00022254042530336145 0.0008368501255423233 0.006188335918268974 0.4963761367654427 0.4963761367654427 
0.00022244706503265672 0.000836293222409123 0.006181591943116593 0.4963798338847208 0.4963798338847208 
0.00022315537710045972 0.0008385694562312668 0.00619260530940467 0.49637283492863177 0.49637283492863177 
0.0002245987539611796 0.0008434614002416007 0.006220278499215098 0.4963558306732912 0.496355830673291 
0.00022663775126647865 0.0008504918159845623 0.006261844379599073 0.4963305130265748 0.49633051302657505 
0.0002668430549154075 0.0009946844789949566 0.007192952408445767 0.495772760028822 0.495772760028822 
0.0002645892751565634 0.0009869428805000708 0.007147716142107459 0.495800375851118 0.4958003758511179 
0.00026209231346104164 0.000978258565923601 0.00709545711141388 0.4958320960046007 0.4958320960046007 
0.0002595991485225213 0.0009694913225484944 0.007041348353656579 0.4958647805876362 0.4958647805876362 
0.00025735321712233377 0.0009615002229309503 0.006990724176414447 0.49589521119176616 0.49589521119176616 
0.0002555724049300945 0.0009550649730099601 0.006948582019602273 0.495920390301229 0.49592039030122875 
0.00024133978750580677 0.0009029914200324437 0.006598319363121794 0.49612867471467004 0.49612867471467004 
0.00024036873390487196 0.0008993661609114675 0.00657291871995337 0.49614367319261515 0.49614367319261515 
0.00024011075551959277 0.0008982218726471342 0.006562501228774213 0.49614958307152957 0.49614958307152957 
0.00024059005136716594 0.0008996660008360484 0.0065680563088038055 0.4961458438194965 0.4961458438194965 
0.00024175987125610784 0.0009035546678785224 0.006588988606049215 0.4961328484274081 0.4961328484274081 
0.00024350843095726998 0.0009095128522643211 0.006623230836580412 0.49611187394009904 0.49611187394009904 
0.00028905006066429895 0.0010713469073310262 0.007646433571073022 0.49549658473046587 0.49549658473046587 
0.0002871838408903328 0.0010650107649043086 0.007610404443969006 0.49551870047511826 0.49551870047511815 
0.0002850192971263693 0.0010575459540125773 0.007566352407828978 0.4955455411705161 0.4955455411705161 
0.0002827703813844393 0.0010496905079595677 0.007518625220521362 0.4955744569450673 0.4955744569450673 
0.0002806587624282194 0.0010422204297882206 0.007471952163957659 0.4956025843219129 0.4956025843219129 
0.00027888785373120846 0.0010358587979258057 0.007430893715246266 0.49562717981654836 0.49562717981654836 
0.0002641502787017232 0.0009823139698348807 0.007076788750361907 0.49583837350055077 0.49583837350055077 
0.00026307415862566975 0.0009783383745929606 0.007049588849743312 0.49585449930851905 0.49585449930851905 
0.00026260144545705455 0.000976440456581664 0.007034634412782758 0.4958631618425893 0.4958631618425893 
0.00026277979125275823 0.0009768104965299858 0.007033420840243295 0.495863494435987 0.495863494435987 
0.00026358955961799544 0.000979402762388517 0.007045989985413797 0.4958555088462899 0.4958555088462899 
0.0002649536022591169 0.0009839680697911561 0.0070711035396117125 0.49583998739416896 0.49583998739416896 
0.0003155424253526631 0.0011619838459675663 0.008171622213660718 0.49517542575750956 0.49517542575750956 
0.0003141582577092586 0.0011573585578347153 0.008146289037259507 0.49519109707359826 0.49519109707359826 
0.0003124099271748317 0.0011513858100020322 0.008111794954034217 0.4952122046543945 0.4952122046543945 
0.0003104699983012809 0.0011446546621972208 0.0080715280223319 0.4952366736585848 0.4952366736585848 
0.00030852994579382817 0.0011378303610080876 0.008029471831367398 0.49526208393091536 0.49526208393091536 
0.0003067795503624744 0.0011315823256639276 0.007989771488185275 0.49528593331789417 0.49528593331789417 
0.0002914790239059123 0.0010764328448650393 0.007631940770703675 0.49550007368026266 0.49550007368026266 
0.00029027615356175496 0.0010720412404029826 0.007602685098960773 0.4955174987535373 0.4955174987535373 
0.00028954234398361725 0.0010692441437151682 0.0075825498505959306 0.4955293318308527 0.49552933183085257 
0.0002893476965244702 0.0010683096447287484 0.007573482199925136 0.4955344302294109 0.4955344302294108 
0.0002897101115037712 0.0010693243050647616 0.007576334295926118 0.49553231564375266 0.49553231564375266 
0.0002905948577989533 0.0010721896876497382 0.007590813114372457 0.4955232011700894 0.4955232011700894 
0.0003457314038214863 0.001264235509842331 0.0087507414387244 0.49481964582380594 0.49481964582380594 
0.00034491672921184386 0.0012615863199178536 0.008737166716865518 0.49482816511700245 0.49482816511700234 
0.0003436619249681615 0.0012573410565393582 0.0087131815153124 0.49484290775159007 0.49484290775159007 
0.00034209253674222744 0.0012519236888309678 0.008681165954353611 0.4948624089100366 0.4948624089100366 
0.0003403630456270854 0.0012458676344627275 0.008644268473758428 0.49488475042307584 0.49488475042307584 
0.0003386438857889492 0.0012397703882623071 0.008606133517012147 0.4949077261044683 0.4949077261044683 
0.00032274835846504734 0.0011829677689426383 0.008245014115818138 0.4951246348783871 0.4951246348783871 
0.00032140194915302063 0.0011781136977420952 0.008213577002051194 0.49514345367552687 0.49514345367552687 
0.00032036215151494017 0.0011742842026264213 0.008187768451745289 0.4951587925970567 0.4951587925970567 
0.0003197289284175318 0.001171848461879489 0.0081700932694976 0.49516916467010275 0.49516916467010275 
0.00031956386593896087 0.001171043326839248 0.008162274716104943 0.49517355904555843 0.49517355904555843 
0.0003198812095656444 0.0011719404096388066 0.008165031463378105 0.4951715734587087 0.4951715734587087 
0.00037883988456069396 0.0013751814024895953 0.00936415704073213 0.49444091083610886 0.49444091083610875 
0.0003786691228144498 0.0013747159524106702 0.009362936730271977 0.4944418390972514 0.4944418390972514 
0.00037797635332759274 0.001372390948242145 0.009350032644657886 0.49444980002688604 0.49444980002688627 
0.00037683154922162575 0.0013684407869886054 0.00932673753778095 0.49446399506300437 0.49446399506300437 
0.00037534684648369437 0.0013632520160556045 0.009295321700388843 0.49448303971853597 0.49448303971853597 
0.0003736704454705806 0.001357342262114216 0.009258910573152722 0.4945050383596313 0.4945050383596313 
0.00035717217882779686 0.0012989120641076477 0.00889514466288308 0.4947243855470906 0.4947243855470908 
0.0003556689494652537 0.0012935625172777025 0.008861481615671114 0.494744643458793 0.494744643458793 
0.0003542868737652827 0.0012886025312959391 0.008829759809613502 0.49476367539266264 0.49476367539266264 
0.0003531599468625128 0.001284513912964977 0.008803073836388535 0.494779626151892 0.494779626151892 
0.0003523970226965715 0.001281692006589227 0.008784012663994978 0.49479094915335964 0.49479094915335964 
0.00035207154632864907 0.001280408861421744 0.00877442241446125 0.4947965485888942 0.4947965485888941 
0.00041391914545519846 0.0014914463968295555 0.009991462991409796 0.4940515857331527 0.4940515857331527 
0.00041444847533133217 0.0014933020287273343 0.010002732566570399 0.49404475846468554 0.49404475846468543 
0.0004143701380536024 0.0014930274137617402 0.010001064907282826 0.4940457687704509 0.4940457687704509 
0.00041369107015117913 0.0014906468204169312 0.00998660641266275 0.4940545278483845 0.4940545278483847 
0.00041247976710351606 0.0014863999843016161 0.009960805201154915 0.49407015752372013 0.4940701575237199 
0.0004108564841879617 0.0014807079436378586 0.009926207444451038 0.4940911140638617 0.49409111406386147 
0.0003937675746974613 0.0014207295734731552 0.009560492001098018 0.49431250542536576 0.49431250542536564 
0.00039209971014098554 0.0014148701905470386 0.009524650738253648 0.49433418968052917 0.49433418968052917 
0.0003903491996217077 0.0014087193943486149 0.009487004869080858 0.4943569632684744 0.4943569632684744 
0.0003886872477106262 0.0014028787520920967 0.009451236319714446 0.4943785988402415 0.4943785988402414 
0.0003872749475579712 0.001397914688334225 0.009420819901399317 0.4943969952313543 0.4943969952313543 
0.0003862496882959065 0.0013943105769130403 0.00939872705633226 0.4944103563392295 0.49441035633922936 
0.0004498748385781775 0.0016093226598830395 0.01061238269647636 0.4936642099025312 0.4936642099025312 
0.00045113685513952645 0.0016135549894609837 0.010635838090380378 0.4936497350325096 0.4936497350325096 
0.00045170267305139923 0.0016153815503603289 0.010645123112684441 0.49364389633195177 0.493643896331952 
0.0004515174625328951 0.0016146263846665257 0.010639357368101328 0.49364724939234966 0.49364724939234966 
0.0004505964423514689 0.0016113541664882656 0.010619057476093851 0.4936594959575332 0.4936594959575332 
0.00044903382260248455 0.0016058982695019402 0.010586271209248974 0.4936793983493233 0.4936793983493233 
0.0004313861426500935 0.0015445015596547414 0.010219334438171359 0.4939023889297619 0.4939023889297619 
0.00042955164870706595 0.0015381367397706645 0.010181444485540952 0.4939254335629907 0.4939254335629907 
0.0004274196170806777 0.0015307785203261214 0.01013807723745632 0.49395186231256843 0.49395186231256843 
0.0004251984676358542 0.0015231456056691581 0.010093459823152197 0.49397909805177137 0.49397909805177137 
0.00042310700928849655 0.0015159890675031133 0.010051974282613578 0.4940044648202975 0.49400446482029736 
0.00042134830307510835 0.0015100041876981423 0.010017660766794398 0.49402549337121615 0.49402549337121615 
0.0004855208626324676 0.0017249630260558865 0.011207771755008242 0.4932908721781517 0.4932908721781517 
0.0004875222037498967 0.0017315448730131806 0.011242738706827543 0.4932690971082047 0.4932690971082047 
0.0004887400076647327 0.0017354537025586802 0.011262385682969101 0.49325671030340373 0.49325671030340373 
0.0004890520603014878 0.0017362991430394854 0.011264775631356643 0.4932549365826512 0.4932549365826512 
0.00048842964031413 0.0017340058464208371 0.011249727966483864 0.4932639182733907 0.4932639182733905 
0.00048693501287607187 0.0017288027912276392 0.011218734411595677 0.49328276389215026 0.49328276389215026 
0.00046877235772360926 0.0016661388234194686 0.010851176695456986 0.49350695606170003 0.49350695606170003 
0.000466772534938348 0.0016592815921226544 0.010811377401490536 0.49353128423572423 0.49353128423572423 
0.0004642584148107719 0.0016507382758661033 0.010762649685548393 0.4935611768118874 0.4935611768118874 
0.00046147823036007246 0.0016413500666167308 0.010709762085386614 0.4935937048088183 0.4935937048088183 
0.0004587028577751468 0.001632030364244322 0.010657846597898533 0.493625710090041 0.493625710090041 
0.00045620352013004805 0.0016236897494072034 0.01061197842208351 0.4936540641541896 0.4936540641541896 
0.0005196328381253384 0.0018345495298620093 0.011760237681248438 0.4929427899753821 0.4929427899753821 
0.0005223482416846334 0.001843358085789892 0.011805667156221843 0.49291431325815166 0.4929143132581519 
0.0005241970584018664 0.0018492432236434388 0.01183473561461004 0.4928959120516723 0.4928959120516723 
0.0005249954176455787 0.0018516230269293797 0.011844611093536963 0.492889385230944 0.492889385230944 
0.0005246648322081917 0.0018502662426972778 0.011834364891504275 0.4928953520167951 0.4928953520167951 
0.000523237853772184 0.001845307092303205 0.011805008998514775 0.49291322302770496 0.49291322302770496 
0.0005046160142116411 0.0017815481248719231 0.011437332227649947 0.49313825181663323 0.49313825181663323 
0.0005024614608491555 0.0017742389864162647 0.011395868475691434 0.4931637155385216 0.4931637155385216 
0.0004995803406467888 0.001764578414532508 0.011342300140750147 0.4931967705520353 0.4931967705520353 
0.0004962587519824219 0.0017535217830478161 0.011281877682658158 0.49323417089115584 0.49323417089115584 
0.0004928226253239607 0.0017421511937563562 0.01122048426006964 0.493272270960425 0.493272270960425 
0.0004896072182593064 0.001731575253893071 0.011164102188865233 0.49330735766949124 0.49330735766949124 
0.0005510018697147944 0.0019344422719719118 0.012254487518772016 0.49263003416977064 0.49263003416977064 
0.0005543808572976847 0.0019452858922174745 0.012309133306643856 0.49259559997192054 0.49259559997192054 
0.0005568168349053871 0.0019529786234025886 0.012346499677322839 0.4925718524321846 0.4925718524321846 
0.0005580673572247866 0.0019567599085218686 0.012362953318909882 0.49256110970767175 0.49256110970767175 
0.0005580095752407432 0.0019562622234485494 0.012356938501464413 0.4925643948499232 0.4925643948499232 
0.0005566498102115332 0.0019515381809417304 0.012329074906170724 0.49258136855133805 0.49258136855133794 
0.0005376315408476404 0.0018868613016624332 0.011961624331832814 0.4928069414128286 0.4928069414128286 
0.0005353346661494004 0.0018791428832578834 0.011918708817782628 0.49283340681640503 0.49283340681640503 
0.0005321150356557394 0.0018684688034348866 0.011860914422780425 0.49286925086906447 0.49286925086906447 
0.0005282935725128727 0.001855897612877668 0.011793909957923688 0.49291094942834285 0.49291094942834285 
0.0005242438155695108 0.0018426538874240213 0.011724177659580623 0.4929544623187129 0.4929544623187129 
0.000520362555663966 0.0018300334831539884 0.011658527718629097 0.49299553812127644 0.49299553812127644 
0.0005785035042264056 0.0020213608090705313 0.012677741861841558 0.4923611969124308 0.4923611969124308 
0.0005824661680702395 0.0020339687305416083 0.012740126552780742 0.4923217192743037 0.4923217192743037 
0.0005854215079324958 0.002043237175281681 0.012784499090156146 0.49229342111331487 0.49229342111331487 
0.0005870729234225493 0.002048242386483165 0.012806512006647031 0.4922790863417236 0.4922790863417236 
0.0005872557987998864 0.0020484905406688773 0.012804048198123277 0.492280102731204 0.492280102731204 
0.000585956894934985 0.0020439747970847012 0.012777454317977525 0.49229630699500143 0.49229630699500143 
0.0005666090937921907 0.0019785541751661667 0.012410412104164664 0.4925222123134386 0.4925222123134384 
0.0005641887791805216 0.001970485828566229 0.012366299919166109 0.4925495127365435 0.4925495127365435 
0.0005606741418578331 0.001958941627528352 0.012305002127562343 0.4925876910515256 0.49258769105152583 
0.0005564115188616158 0.0019450526667728794 0.012232451485787166 0.4926330421642892 0.4926330421642892 
0.000551820333695058 0.0019301796634362376 0.01215569436715632 0.4926811528178562 0.4926811528178562 
0.0005473530904157503 0.0019157857064657797 0.012082258549549396 0.4927273013267844 0.4927273013267846 
0.0006011398502168681 0.002092469559623896 0.013019640549932673 0.4921433750201134 0.4921433750201132 
0.0006055857969808088 0.00210652168639806 0.013088202747831196 0.49209984488439495 0.49209984488439495 
0.0006089677934970219 0.002117068833049963 0.01313811019129602 0.49206792659107856 0.49206792659107845 
0.0006109515983567209 0.002123076575212864 0.013164558577485037 0.49205070662447253 0.49205070662447276 
0.0006113365532359087 0.002123943262409529 0.013164962267118665 0.49204987895861796 0.49204987895861796 
0.0006100886446363173 0.002119599134505098 0.013139382266269404 0.4920654649772946 0.4920654649772946 
0.0005904812229405744 0.002053604822762794 0.012772797616543154 0.4922915581688768 0.4922915581688767 
0.0005879605503499441 0.0020452554028821744 0.012727754104154892 0.49231951497130655 0.49231951497130655 
0.0005842009340849144 0.0020329964396207543 0.012663647353088347 0.49235957763660304 0.49235957763660304 
0.0005795740700171906 0.002018032012620012 0.012586686871926666 0.4924078535227181 0.492407853522718 
0.0005745385096983613 0.0020018377721529638 0.012504385479041742 0.4924596191195533 0.49245961911955355 
0.0005695858762455105 0.001985991322383482 0.012424731938951028 0.49250984543120996 0.49250984543120996 
0.0006180838378642496 0.002145468028240328 0.013272213585167633 0.49198211727436386 0.49198211727436386 
0.0006228929512382996 0.002160596436050408 0.013345296808530253 0.4919356069020906 0.4919356069020906 
0.0006265969717895834 0.0021721006877129883 0.013399273051591398 0.49190101464445285 0.49190101464445307 
0.0006288286867855574 0.002178849222367313 0.01342893347690568 0.4918816943069706 0.4918816943069708 
0.000629366804654895 0.0021801804662487352 0.013431449430903724 0.49187950164909616 0.4918795016490964 
0.0006281597262723533 0.002175971657379531 0.013406644084748152 0.4918946122658 0.4918946122658 
0.00060836404430402 0.0021095672354338024 0.013040451306165074 0.4921208087070485 0.4921208087070485 
0.0006057667536712513 0.0021010042389576853 0.012994704228745116 0.49214926238931295 0.49214926238931295 
0.0006018228328855095 0.002088211768667154 0.012928537113175941 0.49219071414263565 0.49219071414263565 
0.0005969248174118666 0.002072453902118202 0.01284838918599047 0.4922411160472396 0.4922411160472398 
0.0005915542332233502 0.002055271540777233 0.012762013975148659 0.49229558012542535 0.49229558012542535 
0.0005862368016737693 0.0020383424525485987 0.012677809718169572 0.4923488055138041 0.492348805513804 
0.0006287188801331108 0.0021786700508118935 0.013429870665994338 0.49188137020153033 0.49188137020153033 
0.0006337549107187699 0.002194467733374161 0.013505736272851726 0.49183302054152767 0.49183302054152767 
0.0006376621356352208 0.0022065733157486307 0.013562245595739555 0.4917967594764383 0.4917967594764383 
0.0006400495386420851 0.0022137847853225257 0.013593892419090257 0.4917761366284726 0.4917761366284726 
0.0006406831184099977 0.002215403923080865 0.013597701854890627 0.4917731055518093 0.4917731055518092 
0.0006395001597504453 0.0022112746623485424 0.013573349475935399 0.4917879378509827 0.4917879378509829 
0.000619588312535451 0.002144617901096958 0.01320739743937087 0.49201419817349834 0.49201419817349834 
0.0006169447901642845 0.0021359271293792774 0.01316124099939191 0.4920429435405323 0.4920429435405323 
0.0006128861296522431 0.0021228041490911763 0.013093811677267645 0.49208524902199446 0.49208524902199446 
0.0006078180667893093 0.0021065508986263014 0.013011692646413994 0.4921369691940852 0.4921369691940852 
0.0006022362346138121 0.002088748035220766 0.012922781174503442 0.492193117277831 0.492193117277831 
0.0005966907740535658 0.0020711454280675015 0.012835775285405282 0.49224819425623684 0.49224819425623684 
0.0006326507396506983 0.0021910043840755074 0.013489107026372033 0.49184361892495093 0.49184361892495093 
0.0006377713373460755 0.00220705287850306 0.013566029935615379 0.4917945729242676 0.4917945729242678 
0.000641753800383002 0.002219382172758266 0.013623492703779815 0.4917576856615395 0.4917576856615395 
0.0006442005871610375 0.002226771262110545 0.013655912299114668 0.49173655792580695 0.49173655792580684 
0.0006448697503055324 0.0022284980982256396 0.013660209448419464 0.49173321135152465 0.49173321135152465 
0.0006436955852901793 0.002224397793449628 0.013636021729550026 0.4917479424458551 0.4917479424458551 
0.0006237399166471733 0.0021576423271713425 0.013270106617959814 0.49197425556911084 0.49197425556911084 
0.0006210792593370137 0.0021489037428922535 0.013223791768614605 0.4920031126145782 0.49200311261457796 
0.0006169777586577105 0.0021356564675568583 0.013155877961602877 0.49204574390609135 0.49204574390609135 
0.000611844916139885 0.0021192129881570055 0.01307298539375091 0.49209797835097613 0.49209797835097613 
0.0006061848234515699 0.002101179009694894 0.012983116093287762 0.49215476003678293 0.4921547600367828 
0.0006005543989257118 0.002083324058944179 0.01289504576197177 0.4922105378900791 0.4922105378900791 
0.0006297373597138341 0.0021820848254840938 0.01344865892410933 0.49186975944534633 0.49186975944534633 
0.0006347962445555283 0.002197956098442031 0.01352489268603201 0.4918211774854852 0.4918211774854852 
0.0006387236905662006 0.002210126814330998 0.013581729229778567 0.4917847101326623 0.49178471013266206 
0.0006411266533796933 0.002217388478270177 0.013613630375060828 0.49176392724664464 0.49176392724664464 
0.000641769555956421 0.0022190378376172 0.013617596290437116 0.49176079815799467 0.49176079815799467 
0.0006405887646628434 0.0022149158871700874 0.013593287746990047 0.4917756038005884 0.4917756038005886 
0.0006206617758922773 0.0021482140717609963 0.013227187513737774 0.4920019683193045 0.4920019683193045 
0.0006180132135156138 0.002139507430868223 0.013180958968101557 0.4920307601937573 0.4920307601937573 
0.0006139427460020745 0.0021263467945473896 0.013113348243363628 0.4920731811080435 0.4920731811080435 
0.0006088573091108646 0.002110037880365601 0.013030956151234844 0.4921250743296442 0.4921250743296444 
0.0006032542771641308 0.0020921668755489492 0.012941706529227924 0.49218143615902954 0.49218143615902943 
0.0005976858968491442 0.0020744903812954093 0.012854330401245388 0.492236746660305 0.492236746660305 
0.0006200795158873996 0.0021521719432965767 0.013309249913027203 0.4919592493138944 0.4919592493138944 
0.0006249333057798936 0.0021674446918402983 0.013383060553314856 0.49191228072453247 0.49191228072453247 
0.0006286768378369798 0.0021790766525146524 0.013437683250511043 0.4918772816295687 0.4918772816295687 
0.0006309389288739159 0.002185923522315908 0.013467845763735487 0.49185764589253733 0.49185764589253733 
0.0006314952404443023 0.0021873139641239757 0.013470670741972073 0.49185526002672986 0.49185526002672986 
0.0006302907564838162 0.0021831143299670956 0.01344592711145345 0.4918703339010477 0.4918703339010479 
0.0006104650425067653 0.0021166202580086657 0.013079436501308439 0.4920967390990881 0.4920967390990881 
0.0006078594398787091 0.0021080310108624284 0.013033570906216431 0.4921252693215212 0.4921252693215212 
0.0006038924105311583 0.0020951645956204723 0.01296704497784273 0.4921669490080028 0.4921669490080028 
0.0005989604062370023 0.0020792974680167112 0.012886357106398624 0.49221769250967384 0.49221769250967384 
0.0005935483885319896 0.002061981482477809 0.012799313899703662 0.49227257811464326 0.49227257811464326 
0.0005881861464710085 0.002044907454310206 0.012714378011832493 0.4923262641936932 0.4923262641936931 
0.0006040337494673661 0.0021022210343051295 0.013073874927684996 0.49210993514427126 0.49210993514427126 
0.0006085426727232064 0.0021164778898586107 0.013143482582207896 0.49206574842760514 0.49206574842760514 
0.0006119816144160421 0.002127210141246557 0.013194338744009165 0.4920332347501641 0.4920332347501641 
0.0006140091870721552 0.002133360402023105 0.013221524217824486 0.4920155530965401 0.4920155530965401 
0.0006144202928846653 0.0021343127040797123 0.01322238094790381 0.4920144430275659 0.4920144430275659 
0.0006131782977001219 0.002129988794949744 0.013196925947035788 0.4920299534801572 0.4920299534801572 
0.0005935263992373053 0.002063861051251269 0.012829891236309102 0.4922563606566011 0.4922563606566011 
0.0005909913777247765 0.0020554660758335974 0.012784636943965791 0.4922844528012379 0.4922844528012379 
0.0005871983359517128 0.0020430995638131104 0.012720001966588304 0.49232485006682347 0.49232485006682336 
0.0005825223959196737 0.0020279765047399637 0.012642248018988743 0.4923736265401758 0.4923736265401758 
0.0005774270060030853 0.0020115882376329362 0.012558964727277386 0.49242601001454334 0.49242601001454334 
0.0005724112163163928 0.001995536271086285 0.012478260353472938 0.4924768960795622 0.4924768960795622 
0.000582176847398948 0.00203379258539876 0.012747534328582916 0.4923182481193097 0.4923182481193097 
0.0005862208592625328 0.0020466668221485592 0.012811300742248543 0.49227790578817016 0.49227790578817016 
0.0005892465284740597 0.0020561658388983453 0.012856877128667052 0.49224885525198026 0.49224885525198026 
0.0005909545417430759 0.002061356686994849 0.012879865865620056 0.49223391145282097 0.49223391145282097 
0.0005911717413601407 0.002061717983981505 0.012878009922465074 0.49223455017609663 0.49223455017609663 
0.0005898800928545639 0.002057227350509052 0.01285157553051739 0.49225065851305966 0.49225065851305944 
0.000570474120798723 0.0019916310000639807 0.012483927922272696 0.49247698347843233 0.49247698347843233 
