0.00912313305909618 0.4945654169881701 0.4945654169881701 0.0012866035176701837 0.00045942944689340853 
0.009029250135919448 0.49462254169490216 0.49462254169490205 0.001271802180851922 0.00045386429342442024 
0.009189646862834185 0.4945265014007159 0.4945265014007159 0.0012950851362234755 0.00046226519951052535 
0.009231815244813415 0.4944999823607042 0.4944999823607042 0.00130293855224486 0.00046528148153341764 
0.00908637453649103 0.4945891126433372 0.4945891126433371 0.0012791070021674988 0.000456293174667277 
0.008873505053300656 0.4947196661434674 0.4947196661434673 0.0012440418807721943 0.0004431207789924561 
0.008865319689060075 0.4947259008072209 0.4947259008072209 0.0012409036920719024 0.00044197500442626507 
0.008827070309554258 0.4947545118875849 0.4947545118875848 0.001227764158579002 0.00043614175669718383 
0.009006919240913793 0.49464266081784797 0.49464266081784797 0.0012594949807430307 0.0004482641426473012 
0.009480858282864995 0.4943537456589391 0.4943537456589393 0.0013354087241832864 0.0004762416750732422 
0.009085268631111549 0.49459498308049543 0.4945949830804953 0.0012721176096025715 0.00045264759829515754 
0.00919144012977521 0.49452892354678474 0.49452892354678474 0.0012908448799240067 0.0004598678967314251 
0.008143292623665102 0.4951691388029973 0.4951691388029973 0.0011215636577836736 0.00039686611255664 
0.009983095478162998 0.49405394969909633 0.49405394969909633 0.001407424929749396 0.0005015801938948706 
0.010027770820953658 0.4940275274919094 0.4940275274919094 0.00141349984725079 0.0005036743479767082 
0.007623385389243003 0.4955009137208785 0.4955009137208784 0.0010183163641482016 0.0003564708048519393 
0.008094981148974062 0.49521667287875437 0.49521667287875437 0.001089480602427975 0.0003821924910891924 
0.008376555422966015 0.49502830495022604 0.49502830495022626 0.0011570745856207356 0.00040976009096076497 
0.007990643045628791 0.4952645509376496 0.4952645509376495 0.001094041198839901 0.00038621388023223963 
0.009758793920713722 0.4941929234881679 0.4941929234881681 0.0013686703766589796 0.0004866887262910989 
0.009697896408033426 0.49423011648518 0.4942301164851798 0.0013588335334902264 0.0004830370881166306 
0.007479315857118254 0.4955808637956475 0.4955808637956475 0.001005745525278601 0.0003532110263081644 
0.009849817210155487 0.4941466148014287 0.4941466148014287 0.001370885308773491 0.00048606787821374074 
0.010016481301449333 0.49404462339867605 0.49404462339867605 0.0013981070008992275 0.0004961649002993241 
0.008625740819572162 0.49488651800824635 0.49488651800824635 0.0011835675101077292 0.00041765565382741106 
0.008569025708855477 0.4949194812731318 0.4949194812731317 0.0011766227250060927 0.00041538901987508525 
0.011724161231965664 0.4930112117941565 0.49301121179415675 0.0016618182739611277 0.0005915969057598828 
0.01145142346273591 0.493176345867569 0.493176345867569 0.0016195463913512786 0.0005763384107749416 
0.006977895426755799 0.49588311305807015 0.49588311305807004 0.0009304977243103674 0.000325380732793694 
0.011106467989633566 0.4933871630222477 0.4933871630222477 0.0015637284310840954 0.0005554775347868802 
0.011434859735767175 0.4931878100231079 0.4931878100231077 0.0016152339521757861 0.0005742862658415977 
0.0070965886691439686 0.4958153622539267 0.4958153622539269 0.0009433661812619295 0.00032932064174042195 
0.007146964721418775 0.49578425120592123 0.4957842512059211 0.0009519581210791962 0.00033257474565978384 
0.009659251976611242 0.4942751852934712 0.4942751852934712 0.0013242752120153165 0.0004661022244309979 
0.009697650862700143 0.4942487447492298 0.4942487447492298 0.001334437190647285 0.000470422448193033 
0.008812562032632603 0.49479797449080215 0.4947979744908024 0.0011793654731343064 0.00041212351262848173 
0.008462392035314313 0.49500545040615157 0.49500545040615157 0.0011312827543355042 0.0003954243980470608 
0.012712004460389855 0.49243676239901923 0.4924367623990191 0.0017833698494761194 0.0006311008920956701 
0.011944829881640678 0.4929095660362765 0.4929095660362765 0.001653429774511184 0.0005826082712951406 
0.01446434894212835 0.4913557324644303 0.4913557324644302 0.002081858787797989 0.0007423273412131528 
0.015063241373246359 0.4909918186720469 0.4909918186720469 0.0021765515392023057 0.0007765697434575882 
0.015736782488319983 0.49058821760330906 0.49058821760330906 0.0022753207072229143 0.0008114615978389514 
0.015512443347737666 0.4907259064487735 0.4907259064487735 0.002238024083290934 0.0007977196714244599 
0.01854198812560357 0.48886289950941925 0.48886289950941914 0.0027467830309265977 0.0009854298246314592 
0.013921551221623512 0.49169194669261296 0.49169194669261296 0.001987814703890098 0.0007067406892604374 
0.013658502738995664 0.49185631321655854 0.49185631321655876 0.0019403079283274267 0.0006885628995594938 
0.01736990112189363 0.4895822518827808 0.4895822518827808 0.0025519152688564498 0.0009136798436882834 
0.019362761197312128 0.4883595903881247 0.4883595903881247 0.002883139505510996 0.0010349185209274872 
0.026295548011047675 0.48403252359163923 0.48403252359163923 0.004133691779757023 0.0015057130259169438 
0.025966610762786883 0.4842446237368328 0.4842446237368328 0.004065249212707857 0.0014788925508396214 
0.03139625668137358 0.4807974563849688 0.4807974563849688 0.005123620536064835 0.0018852100126239967 
0.03225221846686709 0.48025169011819646 0.4802516901181967 0.0052936502968095 0.001950750999930196 
0.007677409362783321 0.49547339175958566 0.49547339175958566 0.0010201804457453413 0.0003556266723001003 
0.03331880534035692 0.4795849187219224 0.4795849187219224 0.0054883470817812426 0.0020230101340171056 
0.027994723130663632 0.4829602678404517 0.4829602678404517 0.004456529929787375 0.0016282112586457238 
0.024893576524960617 0.4849111858379493 0.4849111858379493 0.0038759069030763964 0.001408144896064461 
0.03064288842161903 0.4812876219057582 0.4812876219057582 0.0049609332238431105 0.0018209345430214986 
0.03250927545937839 0.48009366537812187 0.4800936653781221 0.005337420428007442 0.0019659733563700816 
0.033173004066556856 0.47967759115615016 0.47967759115615016 0.005459481114983089 0.0020123325061597625 
0.03326653020610434 0.47962706072128813 0.47962706072128813 0.005466165771730448 0.00201318257958898 
0.03286708539709345 0.47986487349807616 0.47986487349807616 0.0054092977753701236 0.0019938698313841582 
0.010152559130842715 0.49400184857668256 0.49400184857668256 0.0013663616167439588 0.0004773820990481262 
0.011958268526937243 0.4928958503325195 0.4928958503325197 0.0016634406848106712 0.000586590123212807 
0.01303664196084911 0.4922397198912697 0.4922397198912699 0.001834805923103184 0.0006491123335081564 
0.006129126912735891 0.4964057092092725 0.49640570920927274 0.0007873257015142415 0.0002721289672045257 
0.025986162297615346 0.48426037038317743 0.4842603703831773 0.004031856723737645 0.0014612402122923724 
0.0257521968039763 0.48440783618825745 0.48440783618825767 0.003987696439603661 0.0014444343799048399 
0.03244153069842513 0.480159804283869 0.4801598042838689 0.00529323734147965 0.0019456233923573836 
0.03244151166403474 0.4801598168345983 0.4801598168345985 0.005293233043076126 0.001945621623692204 
0.03323489076609945 0.47966504998905574 0.4796650499890556 0.005437459507403953 0.001997549748385255 
0.03321192135383559 0.4796616582947267 0.4796616582947267 0.005456281720053589 0.0020084803366573656 
0.008396622570334017 0.4950544480308107 0.4950544480308106 0.0011093302384652512 0.0003851511295795335 
0.015891988006579563 0.49052116642729204 0.49052116642729204 0.0022643421584706345 0.0008013369803658195 
0.019071866132771422 0.4885491676477472 0.4885491676477471 0.0028202617572575125 0.0010095368144768504 
0.02968726118499062 0.4819188973563034 0.4819188973563034 0.00474349085535184 0.0017314532470507425 
0.028415773957707578 0.4827085016176303 0.4827085016176303 0.004518512722166232 0.0016487100848656404 
0.02368711393817888 0.48570961259393275 0.48570961259393275 0.003598964606624817 0.0012946962673308269 
0.031778302174939294 0.48058937201560015 0.48058937201560015 0.005153968105994514 0.0018889856878658987 
0.03251241259065369 0.4801120985725282 0.4801120985725282 0.005311750414635719 0.0019516398496543948 
0.032761253155825926 0.4799633336096626 0.4799633336096626 0.005348358751153034 0.001963720873695913 
0.03337125618665261 0.47959430089995575 0.47959430089995597 0.005442495925336401 0.001997646088099092 
0.03328777426238057 0.47965863952329413 0.47965863952329435 0.0054118109275758134 0.0019831357634550045 
0.03329901865314715 0.47964662527296426 0.47964662527296403 0.005420424180790855 0.001987306620133827 
0.032535371614213354 0.4801701540336007 0.48017015403360047 0.0052218309876771556 0.0019024893309083856 
0.0054286141243622835 0.4968248708382313 0.4968248708382315 0.0006862751294720253 0.000235369069702827 
0.0056628948471685436 0.49668275471521756 0.49668275471521744 0.000722818543628302 0.0002487771787681133 
0.006627259231895351 0.49610392419155985 0.49610392419155974 0.000864528894682284 0.00030036349030286525 
0.01235108468756432 0.4926954580205941 0.4926954580205941 0.001674537925136867 0.0005834613461106684 
0.013062753631241722 0.4922534743972809 0.4922534743972809 0.0017996640706146674 0.0006306335035818916 
0.02514663553000309 0.48483851693706503 0.4848385169370648 0.0038103330044832145 0.0013659975913839187 
0.025571998041517698 0.4845578991153155 0.4845578991153155 0.0039070811635773025 0.0014051225642740266 
0.03286242730975064 0.47993135208851884 0.47993135208851884 0.005324626140695373 0.0019502423725162423 
0.032524682495133045 0.48014611197759266 0.48014611197759266 0.005258238954482597 0.00192485459519911 
0.032602261132261626 0.4801348150196169 0.4801348150196169 0.005225092511792028 0.001903016316712435 
0.006077966668535622 0.4964455814986809 0.4964455814986809 0.0007674627861867662 0.00026340754791586975 
0.006843432755402044 0.49597864867209274 0.49597864867209274 0.0008908962676124761 0.0003083736327999619 
0.006296621805741856 0.4963067464361683 0.4963067464361683 0.0008104006204971601 0.00027948470142445106 
0.01656447833124507 0.49011857705651557 0.49011857705651546 0.0023618764271714694 0.0008364911285525787 
0.018863047596131634 0.4887212571050701 0.48872125710506986 0.0027265242707948945 0.0009679139229335421 
0.029989999776941723 0.4817758633939421 0.481775863393942 0.004736727208384541 0.0017215462267896604 
0.028924688891104028 0.4824513284180157 0.4824513284180156 0.004530110332028731 0.0016425439408359445 
0.017494623155160566 0.4895768412836769 0.4895768412836769 0.002478950955813542 0.0008727433216721508 
0.016203162509317116 0.4903519105642023 0.4903519105642023 0.002287326358639367 0.0008056900036388213 
0.006095283619369457 0.49644240420103225 0.49644240420103247 0.000760763310688035 0.0002591446678776701 
0.006863865143248312 0.49597971179747435 0.49597971179747424 0.0008760265420621235 0.0003006847197410378 
0.03237155770227904 0.48028566825884467 0.4802856682588449 0.00517287967000904 0.0018842261100222646 
0.03237155472738407 0.48028567059295363 0.4802856705929535 0.005172878527807172 0.0018842255589016964 
0.030144050211490123 0.48169368992760236 0.48169368992760225 0.004748148366654956 0.0017204215666503499 
0.031179411990735924 0.4810297390853441 0.4810297390853441 0.0049588606573540165 0.001802249181221837 
0.03329552729700083 0.4796671406603042 0.4796671406603044 0.005395260613885195 0.0019749307685052423 
0.03271892328924171 0.4800415903436001 0.4800415903435998 0.0052733017552526315 0.0019245942683058725 
0.03288488397941946 0.4799925179878729 0.4799925179878731 0.005230752945585228 0.0018993270992491533 
0.011507847325137762 0.49320543865885386 0.49320543865885375 0.0015438689541580047 0.0005374064029967381 
0.011238092684994299 0.4933677696003869 0.4933677696003869 0.0015034110079592473 0.0005229571062726208 
0.03302746410508615 0.4799044560318728 0.47990445603187304 0.005254936926312664 0.0019086869048552677 
0.03215059516838634 0.48045426729592833 0.48045426729592855 0.0050939844915292715 0.0018468857482273437 
0.026382425793280512 0.48411011176994734 0.48411011176994734 0.003975517219354698 0.0014218334474700445 
0.014303872578105075 0.4915245027170353 0.4915245027170353 0.001961392721210859 0.0006857292666135345 
0.014815795047755454 0.4912163174153758 0.4912163174153758 0.002038477122301897 0.0007130929991910467 
0.032490910472549955 0.4802545763957884 0.4802545763957884 0.005139521845133951 0.0018604148907393331 
0.031058184898543163 0.4811590969326222 0.4811590969326222 0.0048645554794475 0.0017590657567649868 
0.0320625685461013 0.4805217244240164 0.48052172442401664 0.0050616556900862425 0.001832326915779296 
0.03297465417723867 0.47995160354300154 0.47995160354300176 0.005226768418322607 0.0018953703184352796 
0.032199398040666766 0.4804581729902319 0.48045817299023214 0.005057199695510966 0.0018270562833580428 
0.03219947568198696 0.4804429893040696 0.4804429893040696 0.005077192624096141 0.001837353085777773 
0.03266346427451043 0.4801788533167312 0.4801788533167311 0.0051274835305165755 0.0018513455615106493 
0.018645896863963854 0.4889290888105491 0.488929088810549 0.002592297695990272 0.0009036278189478462 
0.021127485046994306 0.48738159255723595 0.48738159255723595 0.003038613193980704 0.001070716644553122 
0.03258432182432293 0.4802165051281917 0.4802165051281915 0.0051291993039406444 0.0018534686153533332 
0.02830549276633602 0.4829435762239157 0.4829435762239157 0.004280759303154831 0.0015265954826777844 
0.013363841947162003 0.49210264711273694 0.4921026471127368 0.0018043762516605525 0.0006264875757038336 
0.013454996724755185 0.4920557518564704 0.4920557518564704 0.001807402369351957 0.0006260971929521708 
0.03172384394837573 0.48079718834245827 0.48079718834245827 0.0049162990383778485 0.0017654803283299765 
0.03179061398703838 0.4807382029801224 0.4807382029801226 0.004951167288897819 0.0017818127638187737 
0.007776069697786315 0.4954434419330126 0.4954434419330128 0.0009949830784142756 0.0003420633577739485 
0.0077734883008045265 0.4954500410719062 0.49545004107190643 0.00098835530671177 0.0003380742486708754 
0.008817427640215576 0.4948213106793615 0.4948213106793614 0.001145437725176344 0.0003945132758851691 
0.007044747308338378 0.4958803804135204 0.4958803804135206 0.0008897498624150248 0.0003047420022054068 
0.00488563004837222 0.49717026938147724 0.49717026938147724 0.0005797887651410726 0.00019404242353235785 
0.004932832050717772 0.4971441497136464 0.4971441497136463 0.0005837380260292115 0.00019513049596031856 
0.0290971488141553 0.48241741983923325 0.48241741983923325 0.0044663637329082385 0.0016016477744699806 
0.020498725740371284 0.487801142471968 0.4878011424719682 0.002887836823095114 0.0010111524925972264 
0.02229391895514361 0.48670793449821353 0.48670793449821353 0.0031758507929436756 0.0011143612554857202 
0.03184202976065606 0.48072139570151584 0.48072139570151584 0.004938941707472672 0.0017762371288396572 
0.03203681731526583 0.48057103007305685 0.48057103007305674 0.005012014126997638 0.0018091084116230987 
0.03184073872599939 0.4806776315524568 0.4806776315524567 0.004999351332468515 0.0018046468366185817 
0.0317919645322975 0.4807071226957039 0.4807071226957038 0.004991761849900093 0.0018020282263946576 
0.005120009602723076 0.4970284237865864 0.4970284237865864 0.0006155252811170811 0.00020761754298711052 
0.03258844072739802 0.48028729418282423 0.4802872941828241 0.005032684533453319 0.001804286373500373 
0.03285064641368234 0.480076209572474 0.480076209572474 0.005142477422072813 0.0018544570192968286 
0.03254697702879266 0.48025697179493904 0.4802569717949389 0.005099772135781067 0.0018393072455484038 
0.004440260645524945 0.49742295445332907 0.49742295445332907 0.000533997873082791 0.0001798325747341914 
0.004995089131606189 0.49709092605397287 0.49709092605397276 0.0006144806886334113 0.0002085780718147514 
0.003986915845015643 0.4976896413711893 0.4976896413711893 0.00047449912158413525 0.0001593022910216584 
0.003998854706100749 0.4976871844250046 0.49768718442500437 0.0004694346262235521 0.00015734181766679177 
0.03233642037100242 0.48040899601025844 0.4804089960102583 0.005034582599813041 0.0018110050086677712 
0.032317977986039026 0.48040571460092535 0.48040571460092535 0.005051042560088633 0.0018195502520215957 
0.03242880324055014 0.4803193821089131 0.480319382108913 0.005093604133162243 0.0018388284084614715 
0.011464974202669155 0.4932799960314784 0.4932799960314784 0.0014720366290355384 0.0005029971053385052 
0.010625546908169069 0.49377968110206744 0.4937796811020672 0.0013534095015622627 0.0004616813861341688 
0.03188621767445416 0.48070390121041323 0.48070390121041345 0.004934549486105519 0.0017714304186135495 
0.008962008884358889 0.49475730121529665 0.49475730121529643 0.0011355331163095742 0.0003878555687385428 
0.009459378856654054 0.4944582171056141 0.4944582171056141 0.0012103867872296104 0.00041380014488813803 
0.01060553791806447 0.49376492530924665 0.49376492530924687 0.0013870981143201129 0.0004775133491218316 
0.009243076761340778 0.4945885285312203 0.4945885285312203 0.0011771674448459648 0.0004026987313726135 
0.032131273862529966 0.48055752005210434 0.48055752005210434 0.004971351770030088 0.0017823342632313367 
0.03206421871274411 0.4806048594837506 0.4806048594837505 0.004951990455032763 0.0017740718647219701 
0.031313235843774455 0.4810846790731383 0.4810846790731383 0.004801368161199609 0.0017160378487493225 
0.03131324337008692 0.4810846734505627 0.4810846734505626 0.004801370763378351 0.0017160389654093746 
0.03231738434962311 0.4804239517513319 0.4804239517513319 0.005027283613538483 0.0018074285341747021 
0.03186077960186264 0.48072271415275036 0.48072271415275036 0.004926208232059102 0.0017675838605776093 
0.03165394141386356 0.48086252560831133 0.48086252560831155 0.004875006654760544 0.0017460007147528738 
0.02740467411510428 0.48355285390108343 0.48355285390108343 0.004055357396788545 0.001434260685940381 
0.032369974953776075 0.4804746306028779 0.4804746306028779 0.004926075262022264 0.001754688578445964 
0.0034419110251568117 0.49801308885185447 0.49801308885185447 0.00039911489485609 0.00013279637627815983 
0.031501677916099785 0.48099785290118807 0.48099785290118807 0.00479308916945449 0.0017095271120694617 
0.03158727130548674 0.4809436753260024 0.4809436753260023 0.004810677462973307 0.0017147005795353362 
0.03159109092915472 0.48094797889964364 0.48094797889964364 0.004802543124868325 0.0017104081466897132 
0.007743334618705522 0.49548324818722045 0.49548324818722034 0.0009634587633196708 0.00032671024353389815 
0.03218192621580359 0.48060981795840413 0.480609817958404 0.004868735455606497 0.0017297024117818836 
0.0320094284170465 0.4807186074384289 0.4807186074384289 0.004836076158641079 0.0017172805474545568 
0.03138302188453462 0.48109360334019147 0.48109360334019147 0.004742998632420345 0.0016867728026620059 
0.00281837424024325 0.498384790702124 0.498384790702124 0.0003105632089958241 0.00010148114651293382 
0.003515519811356651 0.49797385881392164 0.49797385881392164 0.0004032038261156753 0.00013355873468435582 
0.004267929427149741 0.4975313246902645 0.4975313246902644 0.0005014326724480882 0.00016798851987336668 
0.008028578951467441 0.49533389820446166 0.49533389820446166 0.000975527097067089 0.0003280975425421389 
0.00801301992991167 0.49534274230556413 0.49534274230556413 0.0009738974290490485 0.0003275980299110748 
0.006195848291338894 0.496407097768305 0.4964070977683048 0.0007415751054314024 0.00024838106662006634 
0.005462747216026398 0.4968340207984212 0.4968340207984211 0.000650727022621619 0.000218484164509784 
0.005462751423025241 0.49683401832462026 0.49683401832462015 0.0006507275744578703 0.00021848435327658468 
0.021847833535561387 0.4870033390011291 0.48700333900112897 0.003073632118336356 0.001071856343844344 
0.022324401564492277 0.48671347986639163 0.48671347986639163 0.0031496673893660378 0.001098971313358494 
0.01326053340771178 0.4922082100671105 0.4922082100671103 0.0017304932184701964 0.0005925532395973355 
0.012930578441058306 0.49241417001785664 0.49241417001785653 0.0016708997640339704 0.0005701817591944848 
0.03191437415193657 0.480802145276706 0.480802145276706 0.004787319675819131 0.0016940156188322932 
0.030120678694720793 0.481928061545786 0.48192806154578577 0.004452680293459165 0.0015705179202484395 
0.02873301812338621 0.4828103630992586 0.48281036309925884 0.0041807411374527 0.0014655145406434985 
0.016174175235532603 0.4904763376520085 0.4904763376520085 0.002139260219697853 0.0007338892407525899 
0.016512301314100992 0.49026571475829656 0.4902657147582968 0.0021997269713288667 0.0007565421979767522 
0.0017639377202895864 0.4989976633055323 0.4989976633055322 0.0001823716087379021 5.836405990803394e-05 
0.031200609033389712 0.4812518983252785 0.48125189832527837 0.004652521884849246 0.0016430724312041637 
0.031129510502595978 0.481299286346943 0.4812992863469429 0.004635627317755476 0.0016362894857625924 
0.02712139707210877 0.4838137826042245 0.48381378260422436 0.0038911443536411234 0.0013598933658012771 
0.027382370391575903 0.4836317130295881 0.48363171302958796 0.003963871910731357 0.001390331638516711 
0.009226302306033881 0.49462793382126385 0.49462793382126363 0.001135457797270963 0.0003823722541677138 
0.009509368732954611 0.4944586978209894 0.4944586978209894 0.0011764410903097728 0.0003967945347568335 
0.005667049148408162 0.49673171381565684 0.49673171381565684 0.0006532284506993404 0.0002162947695788462 
0.005771859180737266 0.49667288424099953 0.49667288424099953 0.0006631440494840532 0.00021922828777962285 
0.028227491169146777 0.48312898652022546 0.48312898652022546 0.004084961903622846 0.001429573886779458 
0.03158753178619647 0.4810778865867354 0.4810778865867354 0.004632196923185693 0.0016244981171469682 
0.03158752973648615 0.48107788689642356 0.48107788689642345 0.004632197861581892 0.0016244986090850114 
0.01747849385634745 0.48971710200400725 0.48971710200400714 0.0023012537601023895 0.0007860483755358875 
0.01754190215201535 0.4896775688287579 0.4896775688287579 0.00231264108998281 0.0007903191004859568 
0.015291526469132307 0.49103070696695256 0.49103070696695256 0.0019754292442009697 0.0006716303527615807 
0.014899746580822106 0.49126581135274355 0.4912658113527438 0.0019173658589745099 0.0006512648547159746 
0.021380732657508644 0.487351965152485 0.487351965152485 0.002912426136890882 0.0010029109006304492 
0.022005553948380635 0.4869750450303999 0.4869750450303999 0.0030079419801252896 0.001036414010694278 
0.031684385785088545 0.4810256570076482 0.4810256570076482 0.004639163591426407 0.0016251366081885936 
0.03184639272018333 0.48090076833630035 0.48090076833630035 0.0047002576258788524 0.001651812981337055 
0.010447908906334279 0.4939117389678971 0.4939117389678973 0.0012928165461894483 0.00043579661168182754 
0.010709938940085045 0.4937537643892998 0.4937537643892996 0.0013325455004803927 0.00044998678083534943 
0.02514054084385098 0.4850700389699373 0.4850700389699373 0.003506025767533482 0.0012133554487410553 
0.023142463069894995 0.4862862417557213 0.4862862417557212 0.0031856119884808784 0.00109944143018161 
0.03102112362544721 0.48144337094565964 0.48144337094565964 0.00451400354000065 0.0015781309432327784 
0.03087843669859848 0.48152102862337326 0.48152102862337326 0.004503389736583188 0.0015761163180719427 
0.02655876826592553 0.48420144544356786 0.48420144544356786 0.00374098591621141 0.0012973549307274423 
0.026558766422192764 0.48420144699125783 0.4842014469912576 0.003740985066068842 0.0012973545292229779 
0.029955610020195794 0.4820933986009359 0.4820933986009358 0.004340170899991783 0.001517421877940719 
0.030331012020285642 0.4818679192665859 0.4818679192665861 0.00439652466418078 0.0015366247823613993 
0.011558049828501796 0.4932660548128905 0.4932660548128905 0.0014293302772002314 0.0004805102685170219 
0.012196521876281539 0.49288404903682603 0.4928840490368259 0.0015222477496556121 0.0005131323004109979 
0.010767410123256738 0.4937317290615406 0.4937317290615405 0.0013243652667380742 0.00044476648692408176 
0.010806835385574276 0.4937105491243617 0.4937105491243616 0.0013268112029367724 0.0004452551627657117 
0.006956356166819469 0.49597601262919805 0.49597601262919794 0.0008193108297060355 0.00027230774507860196 
0.00715075188605199 0.49585848366077223 0.4958584836607721 0.0008492191714116808 0.00028306162099205176 
0.002600249862139944 0.4985166019608708 0.49851660196087066 0.00027708070045244997 8.94655156662878e-05 
0.0021721957207046574 0.4987656048750178 0.4987656048750177 0.0002247347300964537 7.18597991633953e-05 
0.002929845004305395 0.4983255757355308 0.4983255757355306 0.0003161162048775937 0.00010288731975565158 
0.0026400584807153827 0.49849316506484337 0.4984931650648436 0.00028205785004650774 9.155353955104792e-05 
0.00191562935854369 0.4989124894234021 0.498912489423402 0.0001964299204539902 6.296187419821781e-05 
0.031027265638522063 0.4814600442896423 0.4814600442896425 0.004487558560778391 0.0015650872214146433 
0.03094715457714307 0.48150778268128724 0.48150778268128713 0.004475928211476511 0.0015613518488061537 
0.02960151077629187 0.4823437249119359 0.4823437249119359 0.004237099942375686 0.001473939457460613 
0.02874286251353137 0.4828672230030039 0.4828672230030039 0.004097906758645232 0.0014247847218157065 
0.030097262375137598 0.4820323151139914 0.4820323151139914 0.004329887757989205 0.0015082196388903604 
0.03009726199789629 0.4820323155562781 0.4820323155562781 0.004329887396202427 0.0015082194933450014 
0.007201357008739052 0.4958413363400333 0.4958413363400335 0.0008383669263456872 0.00027760338484831046 
0.007458941149967284 0.49569029010313764 0.49569029010313786 0.0008716128086269094 0.00028886583513024113 
0.002700744121446026 0.49846403346095636 0.4984640334609566 0.0002811861038225046 9.000285281836411e-05 
0.0033221176329538923 0.49810195764219206 0.4981019576421923 0.0003580596712186141 0.00011590741144299607 
0.009141145779205244 0.4947027332532242 0.494702733253224 0.0010904337415803393 0.00036295397276614705 
0.009141149068351555 0.4947027314639679 0.4947027314639678 0.0010904339791214285 0.000362954024591354 
0.008998360480832038 0.4947850859773308 0.4947850859773308 0.001073937196796705 0.0003575303677097311 
0.008554691830600319 0.49504834156119165 0.49504834156119165 0.0010124196224395071 0.00033620542457683404 
0.007269570123838708 0.49580897421352765 0.49580897421352765 0.0008367546054742498 0.0002757268436317281 
0.006853962866024828 0.4960566144694201 0.4960566144694201 0.0007777431860546784 0.000255065009080243 
0.0011943195694499426 0.49932619189111754 0.49932619189111754 0.00011665412380479051 3.6642524510137064e-05 
0.007360386028542176 0.4957581600052155 0.4957581600052155 0.0008452040555184149 0.00027808990550842077 
0.00732393876134821 0.4957791786660412 0.4957791786660412 0.0008409935190055804 0.0002767103875637837 
0.0032296069068332924 0.49816135377612564 0.49816135377612564 0.00033873072981692714 0.00010895481109847395 
0.005618269932992468 0.4967712377314379 0.4967712377314378 0.0006322385658441408 0.00020701603828781842 
0.005720095790482176 0.4967116462232335 0.4967116462232335 0.0006452045161992586 0.00021140724685160978 
0.006428123352160961 0.49630353388002 0.49630353388002 0.0007267552661017738 0.00023805362169729272 
0.006286374430464221 0.49638651996076194 0.49638651996076216 0.0007086571222130791 0.00023192852579841648 
0.005617728344545838 0.49677863158812013 0.49677863158812036 0.0006221981094790355 0.00020281036973449965 
0.0054147446978196345 0.49689891604616243 0.49689891604616243 0.000594284750385619 0.0001931384594699147 
0.0011956595976659657 0.49933313156286924 0.49933313156286924 0.00010578584529815998 3.229143129745598e-05 
0.0019616700697509776 0.4988910588632969 0.4988910588632969 0.00019459857127200147 6.161363238319147e-05 
0.0038237271280375483 0.4978241321392395 0.4978241321392395 0.00039981590767758124 0.000128192685805925 
0.004253488963620256 0.4975731454233985 0.49757314542339814 0.0004538084235982598 0.00014641176598500073 
0.0026452330621890324 0.49851047325302955 0.49851047325302955 0.00025437951879778457 7.944091295413696e-05 
0.003227500722385875 0.49817487953599754 0.49817487953599754 0.00032134802152626477 0.00010139218409277166 
0.0030041587543960845 0.4982951219527383 0.4982951219527383 0.00030773688737386744 9.78604527535525e-05 
0.0028218905749963956 0.49840062385306916 0.49840062385306916 0.0002861550823303681 9.070663653500097e-05 
0.0056707815635292855 0.4967539010394176 0.49675390103941747 0.0006202848927198463 0.00020113146491597804 
0.005746917151977456 0.49670835464776225 0.49670835464776225 0.0006313465246525601 0.0002050270278455801 
0.0060026688110599155 0.4965591737112221 0.496559173711222 0.0006633177498863953 0.00021566601660971482 
0.0057600552003190635 0.49670223980229933 0.4967022398022992 0.0006309097482920819 0.00020455544679030076 
0.004241536570508709 0.4975892368462317 0.4975892368462319 0.0004396845323192808 0.00014030520470838503 
0.004186049203043325 0.4976158660772796 0.4976158660772796 0.0004409252566752997 0.00014129338572230194 
0.00392598838572859 0.4977700576905873 0.4977700576905872 0.000405003221551685 0.0001288930115452095 
0.001882800084637153 0.4989490313144174 0.49894903131441765 0.00016789959441364214 5.123769211399429e-05 
0.004904700454899501 0.4972052026929984 0.4972052026929984 0.0005185732515923482 0.00016632090751132327 
0.004749427844811899 0.4972961147732383 0.4972961147732383 0.0004987262971908888 0.0001596163115205833 
0.004597593663656082 0.4973804303807954 0.4973804303807954 0.00048579373268651285 0.0001557518420666309 
0.004968299728484275 0.4971629985981782 0.4971629985981782 0.0005336912140268858 0.00017201186113252528 
0.0009325097541933234 0.4994787653363162 0.4994787653363162 8.409120573419238e-05 2.586836744022758e-05 
0.0037349824980926287 0.49788536403460093 0.49788536403460093 0.00037558375271255654 0.00011870567999292344 
0.0032731489777064007 0.4981533243187182 0.4981533243187182 0.00031995051816575623 0.00010025186669135772 
0.002538076189234373 0.4985701091069428 0.4985701091069427 0.00024522254375319955 7.648305312694075e-05 
0.0024741871471959526 0.4986076561518779 0.49860765615187813 0.00023685100841399538 7.364954063394426e-05 
0.0008554844048501466 0.4995216567166141 0.4995216567166143 7.747067645224889e-05 2.3731485469150974e-05 
0.0038902485876749233 0.49779683902260025 0.49779683902260025 0.0003922028972089968 0.00012387046991567068 
0.003942404607883663 0.49776664233320317 0.49776664233320317 0.000398392228396195 0.00012591849731385758 
0.0034674434600371114 0.4980449950064123 0.4980449950064125 0.00033721961619676916 0.00010534691094113142 
0.0033213982034753136 0.4981303012037411 0.4981303012037411 0.000318818734487401 9.91806545552169e-05 
0.0021218885887106086 0.49880624360509473 0.49880624360509496 0.00020244895646377348 6.317524463573058e-05 
0.0031582742930661768 0.49821695475373756 0.49821695475373756 0.00031049689650185507 9.731930295692023e-05 
0.0031342160582269085 0.4982314190154392 0.49823141901543944 0.000306886505233496 9.60594056609319e-05 
0.0008373166044946634 0.49953576904582514 0.49953576904582514 7.018817433529074e-05 2.0957129519813615e-05 
0.0009676680367465976 0.49946342837919355 0.49946342837919355 8.112228020482819e-05 2.435292466142656e-05 
0.0018249563518128293 0.49898208412962625 0.49898208412962614 0.00016164628289224675 4.922910604260071e-05 
0.0031394669579548258 0.4982356074232046 0.49823560742320483 0.00029727872820154414 9.203946743409168e-05 
0.002940306135818883 0.4983518278595678 0.49835182785956766 0.00027232196041397557 8.371618463181026e-05 
0.0028199918322671523 0.4984254128470276 0.49842541284702785 0.0002524106831887976 7.677179048845066e-05 
0.002612681849001438 0.49853568504811063 0.49853568504811063 0.0002416698550055131 7.427819977177254e-05 
0.002585538633617027 0.49855122805347246 0.49855122805347246 0.00023868872136566612 7.331653807245936e-05 
0.002808168164037136 0.49842881935734984 0.49842881935734984 0.0002558545372551348 7.83385840079663e-05 
0.00283619101359965 0.4984108591736878 0.4984108591736878 0.00026164097483293486 8.044966419188511e-05 
0.0022941166184480928 0.49872099299514566 0.49872099299514555 0.0002024387386087059 6.145865265196999e-05 
0.001267253811605345 0.4992901561812879 0.4992901561812878 0.00011657972255156724 3.5854103267429776e-05 
0.00047702224946222 0.4997350498157813 0.4997350498157812 4.0655111136067854e-05 1.2223007839198078e-05 
0.0011595368335753954 0.4993481115971418 0.4993481115971418 0.00011002636981074121 3.4213602330231555e-05 
0.0004281159697928585 0.49976682461442534 0.49976682461442534 2.9769268477181278e-05 8.465532879211497e-06 
0.00031309072538867255 0.49982809716664034 0.4998280971666401 2.3770916030657348e-05 6.944025300249713e-06 
0.0018346646515602742 0.49897776681275197 0.49897776681275197 0.00016108084566875686 4.872087726705598e-05 
0.0018377006254501206 0.4989764055448804 0.49897640554488026 0.00016087612849045895 4.861215629881285e-05 
0.0018091315248267852 0.49898558668651444 0.49898558668651444 0.00016794887523560896 5.1746226908588885e-05 
0.0014320696039973977 0.4992015627284291 0.4992015627284291 0.00012645685029562397 3.83480888487639e-05 
0.001606390724103908 0.49911383077333926 0.4991138307733395 0.00012817488722988428 3.777284198737506e-05 
0.0027490254499751973 0.4984693135920704 0.49846931359207064 0.00023994952566784426 7.239784021576656e-05 
0.0025623038542783197 0.49857737827820836 0.49857737827820825 0.00021780435739084136 6.513523191416755e-05 
0.0024984179950668073 0.4986120448226364 0.4986120448226364 0.00021352371791946145 6.3968641740988e-05 
0.002173054804646082 0.49880149416690917 0.49880149416690917 0.00017319765320107124 5.075920833455799e-05 
0.001978612527748268 0.4989064121709089 0.4989064121709088 0.00016104076648729924 4.752236394680287e-05 
0.002306783586767903 0.4987263210228128 0.4987263210228128 0.00018580428995642844 5.477007765018097e-05 
0.0022953243285665018 0.4987323640820856 0.4987323640820856 0.00018528923857138204 5.465826869089414e-05 
0.0025680892749742426 0.49857280966353706 0.49857280966353706 0.00022016647191097066 6.612492604061419e-05 
0.0010129639767408934 0.49944172888458943 0.49944172888458965 8.010972519457246e-05 2.34685288853202e-05 
0.0005774606888589093 0.4996828727184347 0.4996828727184346 4.402645588854373e-05 1.2767418383320872e-05 
0.0003450566926685191 0.49981163756716523 0.49981163756716523 2.465272060933896e-05 7.015452391727912e-06 
0.00026023849978517796 0.49985725270313736 0.49985725270313724 1.9589319850610294e-05 5.6667740897067686e-06 
0.000597241518473229 0.5079144671729039 0.4914408674814315 3.718069615719801e-05 1.0243131034254468e-05 
0.002789286053405807 0.49846055037007686 0.49846055037007686 0.00022387791133629613 6.573529510420551e-05 
0.002820776606146989 0.4984445549702896 0.4984445549702896 0.00022440099446488894 6.571245880893808e-05 
0.0014876286984372392 0.49918302787092156 0.49918302787092156 0.00011347647142093462 3.2839088298781524e-05 
0.0014911655135413724 0.4991816796320279 0.4991816796320279 0.00011288421797334329 3.259100442950275e-05 
0.0003204970191556056 0.504614073397703 0.49503942154214353 2.039592939678336e-05 5.6121116011169906e-06 
0.002952230968766477 0.4983786019291062 0.49837860192910644 0.0002253745908116944 6.51905822090159e-05 
0.0029320174918980287 0.4983891276369277 0.4983891276369275 0.00022466472271253746 6.506251153430437e-05 
0.0029628318566715956 0.49850092811206426 0.49827123017102287 0.00020684821950309006 5.816164073817084e-05 
0.003133587057445128 0.4987007710655033 0.4978867938463351 0.00021772429168862625 6.112373902794032e-05 
0.0032587956030104195 0.49823026487918937 0.4982171938323216 0.00022908185505652337 6.466383042193491e-05 
0.0035475780068254465 0.4993482540889431 0.4967919480507773 0.00024386679993780835 6.835305351635219e-05 
0.0021219901302689365 0.4988430581169928 0.4988430581169928 0.00014964701437821968 4.224662136725778e-05 
0.0014357966018225608 0.49921862785042315 0.49921862785042315 9.899509862844211e-05 2.7952598702800392e-05 
0.0014899711559706206 0.5213022115490599 0.47709218456712765 9.083791972057265e-05 2.4794808121380445e-05 
0.002688269929778078 0.49875642305167334 0.49831859917485605 0.0001847828160411704 5.192502765123521e-05 
0.0022580756570919234 0.49876680776568655 0.49876680776568655 0.00016212477623560423 4.6184035299392976e-05 
0.0020735235953692676 0.5148788058668313 0.4828807556351596 0.00013107075342141394 3.584414921830024e-05 
0.001665473787619119 0.502463603399648 0.49573064059157723 0.00010985208088875131 3.0430140266819537e-05 
0.0011547783151463372 0.503353254204093 0.4953959681408949 7.52195143267717e-05 2.0779825538902472e-05 
0.0013010677694955354 0.4992901715739627 0.4992901715739626 9.225157074524624e-05 2.6337511833939312e-05 
0.0014166431639291766 0.4992270574255053 0.49922705742550555 0.00010054176508604062 2.8700219973892874e-05 
0.0014899136062503874 0.4991874549887327 0.4991874549887327 0.00010519851853963421 2.9977897744573374e-05 
0.0013430501737625488 0.4992683085202147 0.4992683085202145 9.371143788447687e-05 2.6621347923903942e-05 
0.0013527325697563612 0.499262769349033 0.4992627693490328 9.477437964009288e-05 2.6954352537741576e-05 
0.001576701903945234 0.49914212050717766 0.49914212050717754 0.00010840198993494143 3.065509176471262e-05 
0.0020105385387192073 0.49939780061001654 0.49841950850606587 0.00013446456711419113 3.76877780842942e-05 
0.001816989163549254 0.49901227836379053 0.4990122783637904 0.00012362203146698995 3.483207740282118e-05 
0.0016739250953245685 0.49908923847797937 0.49908923847797937 0.0001150759115733759 3.252203714335605e-05 
0.0017515831877420228 0.4990478687763431 0.4990478687763431 0.0001191234903764774 3.355576919525065e-05 
0.0015378216686107453 0.4991635770874145 0.4991635770874144 0.00010529311086032623 2.97310457001037e-05 
0.0032846160744362074 0.4982044419223319 0.4982044419223321 0.00023860538322659452 6.789469767306186e-05 
0.0034529989065178427 0.49811577468658663 0.49811577468658685 0.0002459078342062432 6.954388610238404e-05 
0.004381753418712658 0.5066782172876381 0.4885699539583914 0.0002898895512362193 8.018578402165899e-05 
0.004067711290069 0.5019862622738233 0.49359399672955057 0.0002753325050060655 7.669720155109447e-05 
0.0027146717656085727 0.5117389805588155 0.48532808010361794 0.00017114819478169154 4.7119377176293996e-05 
0.0022872433950264412 0.5025731926562862 0.49494865656948867 0.00014935333708564896 4.155404211313939e-05 
0.002669623704577546 0.6225804748307022 0.37457396123152426 0.00013946945939865036 3.6470773797306864e-05 
0.0015579567306850393 0.5090202775761155 0.48929684385681194 9.792510392186772e-05 2.6996732465749458e-05 
0.0015770104300412604 0.507977390529376 0.4903186148746049 9.951963775730498e-05 2.7464528220506238e-05 
0.0012673795784546474 0.5140025346039097 0.48463050192108503 7.813433510968296e-05 2.1449561440855416e-05 
0.0025058960012201313 0.5102037515335897 0.4870879711898567 0.0001586524849844671 4.372879034916697e-05 
0.002355343359468707 0.5069525402353162 0.490499672109033 0.00015075477643495202 4.168951974708547e-05 
0.0020060600714109497 0.5046087177610197 0.4932202058506187 0.00012920189226126784 3.581442468944158e-05 
0.0019289209740568642 0.5033034983560528 0.4946079676235053 0.00012492430306418497 3.4688743320887735e-05 
0.0027674127297125026 0.5202119216805468 0.476804155533429 0.00017002041483900603 4.6489641472754135e-05 
0.003232212858115591 0.5251554782602562 0.47136184566428047 0.000196837032194956 5.3626185152864873e-05 
0.002219541175602667 0.4987911550064079 0.4987911550064079 0.0001546510309694775 4.349778061206518e-05 
0.004834381143761228 0.5461644270344946 0.44863963777823374 0.0002850648941218101 7.64891493885031e-05 
0.005922304679772098 0.5700180189552283 0.4236371788642204 0.0003340560439537818 8.844145682553115e-05 
