0.4232624970078693 0.04844414019582771 0.4235923368255097 0.08698456442741477 0.017716461543378532 
0.4187361937448324 0.04657858606703277 0.42159006187923803 0.09582573766888922 0.017269420640007645 
0.403379903120801 0.0660500609418478 0.022589300122108837 0.403920669089359 0.10406006672588326 
0.40087531684832883 0.06458804742071232 0.022787959113816356 0.402635890027242 0.10911278658990042 
0.4358585097047967 0.03182709213296206 0.4406005401951782 0.0787155643582001 0.012998293608862985 
0.41395048075776686 0.04519157178970334 0.420588312466284 0.10341107581530452 0.016858559170941242 
0.4096204245050379 0.044048023568138084 0.42037584754702695 0.10950994731389008 0.016445757065906962 
0.3993891781457455 0.06320441311855685 0.022730997248252668 0.40245330512388017 0.11222210636356479 
0.3993748150220111 0.061981591413834754 0.022420904338256324 0.4032759228529232 0.11294676637297464 
0.3880697198194552 0.09066938777287985 0.03246263781491314 0.3880697198194551 0.10072853477329678 
0.38665689996237035 0.0886484128050458 0.03274326211871661 0.3866568999623701 0.10529452515149722 
0.38331971446048096 0.12407992651336884 0.03805366414327114 0.37804269789928496 0.07650399698359411 
0.377096897344204 0.12343287741111432 0.04089358386094941 0.37496634803157114 0.08361029335216116 
0.3730129842597651 0.12184492786862226 0.04289157511680794 0.3724427562162502 0.08980775653855454 
0.3904240401204996 0.09254366739818363 0.03171875840098024 0.3904240401204996 0.09488949395983697 
0.3707097824169669 0.11944736152957543 0.0440463759552078 0.37068537350494496 0.09511110659330506 
0.43049039645627724 0.05334585530501753 0.430490396456277 0.06718007443156072 0.01849327735086753 
0.3922838922818286 0.12352683297399238 0.034383254140166054 0.38135061512739016 0.06845540547662286 
0.4064119667777715 0.06759995890296265 0.022153725472981608 0.4064119667777715 0.09742238206851273 
0.4061596586279347 0.09630984136576531 0.4012961265641757 0.07004338956520637 0.02619098387691786 
0.4181890828858737 0.07242364327094936 0.4172813554515667 0.0696741919364185 0.022431726455191692 
0.41311552049022027 0.07112958627790825 0.41311552049022016 0.0801077024499667 0.02253167029168464 
0.4268598338941431 0.050868413330101184 0.4268598338941431 0.07723283524373314 0.018179083637879418 
0.39843127818295543 0.09571218353321893 0.028724331733217326 0.39743303002208236 0.07969917652852593 
0.39364583272783493 0.09427536124429023 0.030507007816882648 0.39364427115883144 0.08792752705216077 
0.4095091596494854 0.06929000035684788 0.4095091596494853 0.08937392676311753 0.022317753581063898 
0.38174440424185696 0.14995054434036995 0.04131771196039126 0.36261625339358394 0.06437108606379789 
0.38635202371598776 0.0865201603983237 0.0325417037005688 0.3863792540187019 0.10820685816641776 
0.387295548341328 0.08437821688196284 0.031857926096867294 0.387458358567016 0.10900995011282588 
0.3699127601244507 0.11641996085018297 0.04437163673994943 0.3699127601244507 0.09938288216096622 
0.3703785772898506 0.11299757322946336 0.04390304929301561 0.3703785772898506 0.10234222289781995 
0.3707530775021722 0.15438817048015788 0.04667185569252362 0.3577833600430977 0.07040353628204854 
0.3623691592810003 0.15574376546400684 0.05115340788798495 0.35426956936151693 0.07646409800549087 
0.3566611607940078 0.15465343938117823 0.054423839282298665 0.3520392736831096 0.08222228685940576 
0.3534773502566842 0.15166436889516788 0.056308509797356805 0.3511324497827601 0.08741732126803103 
0.4437737557591726 0.04220380258209115 0.44375768817243055 0.05490255660979817 0.015362196876507613 
0.39376003968105244 0.1423321879854966 0.03598645392542898 0.368638485431317 0.05928283297670511 
0.43659208247829506 0.05332001607545455 0.43517933960725563 0.05687615622110208 0.018032405617892707 
0.4427755628654913 0.03883381000586342 0.4427755628654915 0.06090545913642488 0.01470960512672877 
0.40439105472700143 0.12183499168810849 0.030161995803302886 0.3839357105430118 0.05967624723857533 
0.4409131371373253 0.03485513846372818 0.441105948825111 0.06933697284866072 0.013788802725174751 
0.41713253045245063 0.09484966560719667 0.4036009493749185 0.059157392065160394 0.025259462500273847 
0.427677304428954 0.07120373928461626 0.4213442697858093 0.058207335358571644 0.02156735114204857 
0.42829623620934165 0.0298305495062098 0.44138250431146525 0.08807608887481685 0.01241462109816638 
0.41988684006569876 0.028545736721777244 0.4426602980459395 0.09692048188198066 0.011986643284603858 
0.40629927540188343 0.043046777551948676 0.42083340536038966 0.1137992391179142 0.016021302567864066 
0.40441597266183527 0.05992712388350247 0.021034796128604944 0.40763609924532096 0.1069860080807364 
0.40108500571060784 0.060944144040195915 0.021861773144466207 0.4050113817123856 0.11109769539234433 
0.4047237661276682 0.042409131292220396 0.42159947539490106 0.11559958577764838 0.01566804140756198 
0.4548250445715749 0.022805043907830325 0.4565654146618684 0.05597793721000526 0.00982655964872118 
0.44673867683532353 0.019652217266907305 0.4604061948382343 0.06436427639890244 0.008838634660632502 
0.4114153503454381 0.027518513261808427 0.44444034281619255 0.10503468244045744 0.011591111136103454 
0.41447432243868715 0.041891517356343264 0.4258245900009858 0.10284585050385535 0.014963719700128449 
0.4090087444787532 0.05898914875234099 0.020011588976346254 0.41100999744568556 0.10098052034687398 
0.4091819835623085 0.04219875377865381 0.4237840217730845 0.10960753251342173 0.015227708372531512 
0.4057534883577992 0.042344865157665904 0.4223697069202117 0.11407179925729867 0.015460140307024526 
0.403016067651265 0.02655391915183273 0.4467707049908564 0.11247791104069194 0.011181397165353796 
0.3810443327614407 0.17057639767233554 0.04328706956179978 0.3482491777817243 0.05684302222269972 
0.3721359316126135 0.1094305611645341 0.04270719532642764 0.3721359316126135 0.10359038028381133 
0.37504349435050893 0.10609938535112491 0.04097290597528528 0.3750434943505087 0.10284071997257233 
0.38957025815600554 0.08236920059508922 0.030765029579585587 0.3897691620812009 0.10752634958811877 
0.35340922269993985 0.1422042070902467 0.05614198762359973 0.3530839964009587 0.09516058618525518 
0.3787453815215816 0.10341832849921624 0.038976336894043256 0.3787453815215814 0.10011457156357763 
0.3971082292887617 0.07919791412782755 0.027856252424386545 0.3971082292887617 0.09872937487026248 
0.39294239065231545 0.08062164952229658 0.02940011299707164 0.3930284654960426 0.10400738133227368 
0.35249698099181964 0.14735009469508656 0.05684011799037427 0.3514959247819163 0.09181688154080327 
0.3643557085853724 0.18308604103099302 0.051601878163822175 0.3391133268294368 0.06184304539037569 
0.45300707123746903 0.03526199404190598 0.4525546064892449 0.04599146003715611 0.013184868194223966 
0.4488003234218518 0.04764079258204552 0.4418841780708693 0.04559408989843341 0.016080616026800013 
0.4557758217093409 0.027718073623009567 0.4557758217093408 0.04950695327303536 0.011223329685273517 
0.4192499307726802 0.1211004032998469 0.3821956102878108 0.05016978410471292 0.027284271534949143 
0.40058888365531375 0.1498645585985517 0.0345233016333955 0.3622712701030075 0.052751986009731626 
0.4429383672570161 0.06605442136576914 0.4248444930977979 0.046457333021456965 0.0197053852579599 
0.43338331946684117 0.0910336762526284 0.40391130935930275 0.048040152964562474 0.023631541956665263 
0.3559660818741226 0.1366728695382035 0.054369169011362926 0.35589589201234123 0.0970959875639698 
0.3597744204239118 0.13138445600772813 0.0518283304374023 0.35975979788153983 0.09725299524941801 
0.3642759431200216 0.12707720963496788 0.04895824012230497 0.36424590262790024 0.09544270449480524 
0.4021917622022904 0.0778909299168132 0.026047917308284794 0.4021917622022903 0.09167762837032126 
0.3881223676338386 0.10000282985117351 0.03442290271186709 0.3881223676338385 0.08932953216928231 
0.3950098874319911 0.09760546810835669 0.03127882353102432 0.39458739479125693 0.08151842613737083 
0.383011629276855 0.10154357711390433 0.03685626423826312 0.383011629276855 0.0955769000941225 
0.35170088446257247 0.18863458888874368 0.05871725573931356 0.33362555865801974 0.06732171225135063 
0.3432066394636539 0.18880078389466157 0.0640344477663376 0.33100712209494315 0.07295100678040392 
0.33849509431927793 0.18521610492888863 0.06724892541430481 0.33067170728450834 0.07836816805302026 
0.33685390964415196 0.17937095017110458 0.06846188670885582 0.33206280579001407 0.0832504476858735 
0.4656747742074794 0.02673031009895751 0.4627795916836616 0.0344214702073242 0.010393853802577388 
0.4146798096859449 0.05817120426835548 0.018805355758366216 0.4153273305702163 0.09301629971711711 
0.4206806755705395 0.057549296910850756 0.4206806755705395 0.08322498178828827 0.017864370159781984 
0.40841892408790476 0.07626872604125595 0.023854615660138016 0.40841892408790476 0.08303881012279651 
0.4551244362935164 0.0853901935822219 0.40003715940853835 0.037858828948950415 0.021589381766772966 
0.4633574635869195 0.058514742270400606 0.425087067754507 0.035723091364961754 0.017317635023211195 
0.4654220962743798 0.03937967806511319 0.44726333775651905 0.03445828039418737 0.013476607509800552 
0.43883617428644445 0.11956861458621594 0.375189448845835 0.04067228829793675 0.025733473983567866 
0.43356557712495736 0.017750985180378126 0.4664085199903628 0.07408385255420855 0.008191065150093121 
0.41787212339308294 0.016633452267361227 0.47286483136828805 0.0848516711680526 0.007777921803215215 
0.4215531723717664 0.04157722508796151 0.42855767088296737 0.09363655959028332 0.014675372067021427 
0.42983555215529407 0.041675315264979064 0.4321628301789605 0.08193607505551911 0.0143902273452472 
0.39718525066679294 0.027401333474355256 0.4458874276602403 0.11831444552976586 0.011211542668845506 
0.39635985503683135 0.026133169711388925 0.4482640469647793 0.11830971053861686 0.010933217748383598 
0.40201627969482073 0.028410628225531795 0.44434972708721393 0.11383423392077609 0.011389131071657396 
0.4093646567862173 0.028839218299125363 0.44416409535890417 0.10624361711734023 0.011388412438413006 
0.4196847121983836 0.028848883186954687 0.4449747581321538 0.0952491473728362 0.01124249910967179 
0.43326317749853044 0.028933733643937903 0.4464160873022576 0.08037607942796059 0.011010922127313428 
0.40014273494163927 0.015766239718028447 0.47992935885242494 0.09673351587184974 0.007428150616057637 
0.3406919287370696 0.1642959630841192 0.06574186712351672 0.33903356937090495 0.09023667168438955 
0.34537506669421614 0.1564025335434286 0.06238827695645487 0.3442805782420281 0.09155354456387214 
0.36916070413595914 0.12415775733227292 0.04603335518936479 0.36896206909056034 0.0916861142518428 
0.3750044864904144 0.12201551966402627 0.04279844106281949 0.3741150616836569 0.08606649109908289 
0.3832286458030353 0.11888576108706903 0.03860817382326055 0.38052504784492075 0.07875237144171428 
0.3329948994594394 0.2228372992941934 0.0704428627081472 0.3102517360794336 0.06347320245878627 
0.33770572131045334 0.17220236186356694 0.06788971237976303 0.3348828045431525 0.08731939990306414 
0.36423165415170194 0.20944386696476694 0.05239708591861017 0.32130842294928047 0.05261897001564048 
0.34555811749352516 0.22063400264261662 0.06244119898792541 0.3135523615195721 0.057814319356360735 
0.42928292711603594 0.058164952930336536 0.42927349927725966 0.06615604563087521 0.01712257504549263 
0.4236964063558091 0.06986197537719858 0.4223164112071706 0.06512873748545513 0.018996469574366622 
0.43648445646263906 0.04321554175050192 0.43648445646263906 0.0695240962029519 0.014291449121268101 
0.42594748887661427 0.05749890907325729 0.42594748887661427 0.0732010588368765 0.017405054336637846 
0.41546328837207785 0.07397667181254373 0.021381607956035352 0.4153551536772931 0.07382327818204995 
0.4042251066049509 0.0934548578758823 0.027453136674827332 0.40204773852466397 0.07281916031967559 
0.4824039552564307 0.07983911114123325 0.38877178874268287 0.029284788442127983 0.019700356417525256 
0.48886330675797535 0.05105805558851414 0.41815453850932627 0.026813845823571224 0.015110253320613007 
0.3946938689220564 0.11275108580105626 0.03327840683423084 0.3887043158435872 0.07057232259906929 
0.35115882806552956 0.14945839614797293 0.058371966979459816 0.35015707148951014 0.09085373731752745 
0.35761729591166885 0.14412927924385893 0.05412787632770391 0.3561946608708385 0.08793088764592981 
0.365058597957675 0.1402496991267649 0.04961944168935175 0.3623220922988619 0.08275016892734641 
0.3258206501839798 0.21882302531378434 0.07578346073174441 0.310275473235247 0.0692973905352444 
0.32291544021190766 0.21116358580384875 0.07839744376117243 0.3126113602146634 0.07491217000840782 
0.3234202368481786 0.20141549254460817 0.07844952010734955 0.3167440429600634 0.0799707075398003 
0.40607830416445073 0.10383355220668931 0.028341632766748757 0.3972739008731527 0.0644726099889585 
0.4379871383690195 0.04854614977255838 0.4379871383690195 0.060551121136003444 0.014928452353399345 
0.4147567484846583 0.08787296938768842 0.02358597412840441 0.4093764346098507 0.06440787338939806 
0.46750801153751054 0.01432152894382176 0.47071257215765355 0.04077165896857504 0.006686228392439137 
0.4546311528145395 0.011610991371937418 0.4802202400701732 0.04781121710067619 0.0057263986426737655 
0.43155084413382216 0.010058498906237464 0.49565367510734026 0.057603424301599516 0.005133557551000656 
0.48565691043213755 0.03159360624786868 0.44659525729915256 0.025048760446135503 0.011105465574705702 
0.46833802199782537 0.01890622725486993 0.46833802199782537 0.036261730028486726 0.008155998720992564 
0.546959038398113 0.021176253584920562 0.4110149599392001 0.012690257946562556 0.00815949013120387 
0.5215461915694896 0.045061903780281735 0.40006007318790904 0.01984957968892555 0.013482251773394176 
0.5115939781921115 0.025486374503126488 0.4357518212580086 0.017846309824865847 0.009321516221887562 
0.4950635660326157 0.014256100665722004 0.46793905302117894 0.01653328147401431 0.0062079988064690835 
0.4792296440149801 0.01952720171800411 0.46902983893329075 0.024227325823897857 0.007985989509827212 
0.47848941600719624 0.012499845754422197 0.47848941600719647 0.024735784966632392 0.005785537264552567 
0.47775151933506316 0.008726394879609837 0.48150140233512795 0.027584604295413092 0.00443607915478587 
0.6642101352898079 0.007515946218119067 0.3191844326933239 0.00448862969398374 0.00460085610476531 
0.622545412827963 0.0025387530305239062 0.36938044502552503 0.0029966455792328423 0.0025387435367551685 
0.6470658082237067 0.003774571943626959 0.3427759307596343 0.0033456119106897012 0.0030380771623422023 
0.6470658139574126 0.0030380937685805655 0.34277591139195285 0.0033456170870557393 0.0037745637949982563 
0.3785011472598747 0.014860527920533722 0.4884652092900147 0.11112256786766175 0.007050547661915168 
0.3480473902706669 0.01381258841855019 0.49920887877846903 0.1323174613500838 0.006613681182229946 
0.3630951313370193 0.01755715877985861 0.47891444412964645 0.1325133911343511 0.007919874619124455 
0.37536546577557667 0.019714115248056874 0.46992234523162046 0.12642217526383534 0.008575898480910657 
0.3882939123536233 0.02083987671148858 0.4656480581820722 0.11637150819619584 0.00884664455662011 
0.40422806550770407 0.02097868803746183 0.4643370617586555 0.1016938289535604 0.00876235574261824 
0.42547243694827785 0.020593727254278944 0.46374594938998986 0.08177404049619118 0.008413845911262145 
0.39060836831401974 0.12678247081382246 0.03655525292399365 0.379531513782206 0.06652239416595813 
0.3324653489602749 0.17910128060503214 0.07205952321755632 0.32954426478864907 0.08682958242848758 
0.3398245941125846 0.1685820680681138 0.06671355924528964 0.3374357362335225 0.08744404234048939 
0.3751504591030174 0.13611948377295757 0.04410932325631409 0.36932598750877826 0.0752947463589327 
0.3127933284890859 0.2548582645586598 0.08317576631298122 0.2882291408061279 0.060943499833145336 
0.326782229897348 0.19042982389814098 0.07618998391463341 0.3224816403457617 0.08411632194411602 
0.43410957256736893 0.061289032531321515 0.4309748725727802 0.05673363085130734 0.016892891477222026 
0.41003114636280186 0.10698704066428213 0.027721736544836034 0.395711296430344 0.05954877999773611 
0.4256797877880091 0.08211549894134577 0.020210106924043663 0.4154164219723508 0.05657818437425078 
0.4462297893219217 0.03048857867728655 0.44823661856844427 0.06406515729069578 0.010979856141651806 
0.4494275448711867 0.0364260912614176 0.4494275448711869 0.05284973756782381 0.011869081428384835 
0.3483070910506728 0.1599057049935857 0.06080364274898383 0.3455832166187411 0.08540034458801661 
0.35795717777263253 0.1533046154382892 0.05459447701510563 0.35363360001209304 0.0805101297618797 
0.37050458620164983 0.14730948153799422 0.04744353958546518 0.3620865268990239 0.07265586577586683 
0.3904036413409553 0.13416989273867821 0.03761214659874488 0.37479511209322036 0.06301920722840129 
0.3083861508049455 0.2442837276737223 0.08788567779170635 0.29196140707981943 0.06748303664980629 
0.3087264756831548 0.23044120642574928 0.0889211942026656 0.29807091158277677 0.0738402121056536 
0.31294220478897045 0.21465615460005924 0.0865382788125256 0.3062344263903049 0.07962893540813984 
0.32036050883781375 0.1980304823819078 0.08124795508973645 0.3161443560042234 0.08421669768631859 
0.44579630384608526 0.05015530327417122 0.44121447285691084 0.04863427897743645 0.014199641045396326 
0.45807184663840067 0.006692995522634396 0.49834155592531504 0.03326185922771211 0.003631742685937799 
0.4023513434386988 0.009212121232686036 0.5130762095064495 0.07056828872720869 0.004792037094956872 
0.36849723432031023 0.00864873874980461 0.5309194777643517 0.08738092745072598 0.004553621714807387 
0.41958228668960207 0.005606956566602094 0.5290086649351727 0.042631655166073396 0.003170436642549788 
0.3975880294242791 0.003150481489502061 0.5666936665481132 0.03059129959779412 0.0019765229403114395 
0.4571654991909362 0.0038381640244801642 0.5144649817144938 0.022228502571221605 0.0023028524988683054 
0.45524779757534206 0.002279912774247885 0.5263829580061877 0.014577941494346875 0.0015113901498753953 
0.4578244343208365 0.0014415440393860802 0.5302065584973309 0.00947478750438775 0.0010526756380588285 
0.4912261590242406 0.0007896514060403216 0.5032285295479654 0.00405565931519413 0.000700000706559645 
0.4700093512721282 0.0009932134191347657 0.5220498643805741 0.00614920927489697 0.0007983616532659798 
0.4912262043287467 0.0007000048022683813 0.5032284720334471 0.004055667815201764 0.000789651020335909 
0.47000961284255266 0.0007983695338757903 0.522049559857332 0.006149240782521426 0.000993216983718184 
0.5948402055953641 0.018472778148538486 0.3699293873490222 0.00917097257210753 0.007586656334967694 
0.5170104981177842 0.010739244931841831 0.4559734608056064 0.011243360003267843 0.005033436141499634 
0.5501736060169432 0.008701926298857344 0.42881966873645977 0.007886562742970386 0.004418236204769328 
0.4858711905174087 0.008215149336634605 0.4855787215960788 0.016212708373277793 0.0041222301766001826 
0.49313366935638775 0.005576795502572481 0.4877009078326068 0.010534402754303486 0.0030542245541293114 
0.4854552751391328 0.005250874040935014 0.48855331872960217 0.01781072915454643 0.002929802935783554 
0.49121688126750745 0.0032666517665733206 0.49220913205377687 0.011304169186974123 0.002003165725168423 
0.505473440049446 0.004173516134477862 0.4807541251047252 0.007109505874536323 0.0024894128368144813 
0.5313374196025281 0.003478732752530659 0.45786804726675845 0.005044162601733385 0.002271637776449483 
0.59914778495228 0.007743236693489351 0.3830127498702522 0.00581136503892858 0.004284863445050022 
0.5500021405380039 0.0017623991963029875 0.44364591641412204 0.0029978595931289 0.0015916842584420602 
0.5060955339453109 0.0014842243660246534 0.48773771217887596 0.0034746913755622005 0.0012078381342261468 
0.49620394295237613 0.0016327798705845114 0.49620394295237613 0.004754715381339233 0.0012046188433241004 
0.579503796861766 0.0033546426713083515 0.4108265660261372 0.0038944299316951148 0.0024205645090933743 
0.5500021000496533 0.0015916916225003203 0.4436459501182275 0.0029978634492374683 0.0017623947603814436 
0.5060955579308644 0.0012078461278053712 0.4877376703566125 0.003474701520489289 0.0014842240642284259 
0.49620391147453924 0.0012046341582837043 0.49620391147453924 0.004754753311232012 0.0016327895814058743 
0.5795039015630016 0.002420580612539266 0.410826438890821 0.00389443912140892 0.003354639812229076 
0.4945657750790977 0.0021879054877790146 0.4945657750790977 0.007210546513103955 0.0014699978409216557 
0.49768236163121776 0.0008268835677456938 0.49768236163121765 0.00298151237540138 0.0008268807944175568 
0.4156197345771314 0.1564133748100043 0.030922782099234016 0.3529651990706073 0.04407890944302295 
0.38845286630000975 0.18772480150123005 0.04146468975568136 0.33432987886945864 0.04802776357362023 
0.36718530430093843 0.2373290890184326 0.050880747738270185 0.3007310423640577 0.04387381657830093 
0.4938105013372815 0.12067300138465807 0.3367214839979064 0.02533468966209944 0.023460323618054744 
0.5164551562400802 0.07629174120066665 0.36646126794157247 0.02238300402328889 0.01840883059439183 
0.463759174152944 0.1184930560651361 0.3611601570212078 0.032303851908961255 0.024283760851750904 
0.40019741701316003 0.20567453089333324 0.038179663558817516 0.3163304224875611 0.03961796604712824 
0.43524681941218396 0.163552966108295 0.33722007401274884 0.035821119376266364 0.02815902109050576 
0.8862639881937472 0.005094136520956055 0.02280456935112627 0.06730386458576017 0.018533441348410284 
0.877036634642183 0.005074221189526242 0.025263386872985374 0.07608633162080916 0.016539425674496257 
0.8818935944452709 0.004342787795475972 0.0172615266805789 0.07924064321413361 0.01726144786454066 
0.8664111980309446 0.0036557593092141597 0.015835895960486342 0.10122094188720913 0.012876204812145893 
0.8862538806766334 0.005105298836883432 0.018533355336831054 0.06730321562984157 0.02280424951981065 
0.8770163982117751 0.005097013685167527 0.01653915346173111 0.0760847000544281 0.02526273458689818 
0.8664042316740647 0.003663890731323713 0.01287617078587481 0.10121999102365951 0.015835715785077375 
0.7704778691741573 0.009749087493798377 0.07952118343539033 0.11983594387920933 0.020415916017444708 
0.8021908070997178 0.0055429194741641544 0.034299715186090284 0.14417667309892399 0.013789885141103648 
0.7176439784251091 0.00982350813236543 0.07987265394638235 0.1734343034218797 0.01922555607426346 
0.6790012867843679 0.03695660547922243 0.2636878320146072 0.008060146091752061 0.012294129630050377 
0.7431737315625213 0.03598289779112402 0.20198395746290823 0.005969554063302142 0.012889859120144339 
0.6549994305276869 0.017044841517299306 0.31359810011143374 0.0068009287743333365 0.0075566990692466415 
0.7220541351049107 0.01641989005390296 0.2483755013035686 0.0051487054550296936 0.008001768082588118 
0.7863777356298658 0.016124934783114865 0.18465286209295717 0.003945638633347026 0.008898828860715153 
0.8498533101189802 0.005364244203207428 0.030740378473802916 0.09901326087893855 0.01502880632507081 
0.7343738775250179 0.007878905900217266 0.24866307749473948 0.003648439901431736 0.005435699178593689 
0.7938384502836632 0.008622430097371717 0.18751619297693828 0.0031131427313224338 0.006909783910704436 
0.8365838597681823 0.0033472331096638733 0.015872639861507623 0.13380513389963117 0.01039113336101501 
0.8353464329659367 0.009636683405904425 0.14257005378090487 0.002810188383388025 0.009636641463865963 
0.7094749688207701 0.004525084903006223 0.2787948317306653 0.003119434968718862 0.00408567957683942 
0.7511265066003592 0.005330167605845879 0.2351723012651946 0.003040878250756994 0.005330146277843234 
0.8498181354914286 0.005405274660465541 0.015028278880188886 0.09900930324647561 0.030739007721441402 
0.7343736389430765 0.005435739296539662 0.24866327035547664 0.0036484524045331665 0.007878899000374067 
0.7938381993506475 0.006909831835905702 0.18751639963433456 0.0031131516838282117 0.008622417495284161 
0.8365709143504786 0.0033626638061804884 0.010391024108912735 0.13380306368834632 0.01587233404608201 
0.7094747492051584 0.004085707574685539 0.2787950197706339 0.0031194435392063002 0.00452507991031588 
0.7723267130836916 0.01679761113382133 0.15025704679370208 0.02530318519451275 0.03531544379427219 
0.8703228922939544 0.011760376895424026 0.04786751720121901 0.022181911713462867 0.04786730189593983 
0.8912223517641158 0.007721560716805556 0.03196794957873691 0.037120338337924844 0.03196779960241691 
0.8911046680987185 0.006219760378928926 0.028232682721469664 0.051384507587618186 0.02305838121326486 
0.8779727781893145 0.007024545829109629 0.03941442286807717 0.054022038795769486 0.021566214317729284 
0.8916661342479385 0.005697035521521137 0.023191500536489842 0.05625393600047355 0.023191393693576947 
0.8723722394518302 0.00935356486608573 0.05424633002927146 0.03548124367376249 0.02854662197905006 
0.8507775542385665 0.013021814333983571 0.07501368285210401 0.02267517168633889 0.03851177688900713 
0.8910928775879106 0.006232920771014148 0.023058153271004654 0.05138391037726484 0.028232137992805783 
0.8779337485078166 0.007068829813666467 0.021565339498473383 0.05401963863271259 0.03941244354733095 
0.8723178390001995 0.009415801650207811 0.02854488537601096 0.03547895900677257 0.054242514966809124 
0.8506998094507482 0.013112391087170267 0.03850836933923628 0.02267309561647913 0.07500633450636622 
0.8238126139363459 0.009546153055502495 0.07345589293389218 0.07081007587832838 0.022375264195931065 
0.8054287895288571 0.013025187260912847 0.11182408390978416 0.04058623836023949 0.02913570094020641 
0.6411203242157572 0.019177170762677043 0.2655453588036037 0.04326502817992702 0.030892118038035092 
0.6723937791526459 0.017084222203475972 0.21155363917473483 0.07026892635789073 0.028699433111252684 
0.5862294125365143 0.02175566148254593 0.3331991165648458 0.026504796322933434 0.03231101309316051 
0.4830405258796556 0.01686014927731165 0.4660152512235337 0.015944668250003975 0.018139405369495112 
0.32320133431247966 0.2597341209083274 0.07488243207043781 0.2875826917066465 0.054599421002108635 
0.34105029962287575 0.25516542736557457 0.06368220607986079 0.29126821947449305 0.0488338474571959 
0.6019709181626441 0.015560215116265477 0.15379475396484904 0.2039631692025215 0.024710943553719975 
0.5663304509187274 0.015350844859662838 0.13942920619495855 0.2549737929227673 0.023915705103883935 
0.5587343845395895 0.07517443112664071 0.3312667600417068 0.01699865858388037 0.017825765708182593 
0.4780238969051602 0.197579254598872 0.27377185801752935 0.022501194608867826 0.028123795869570697 
0.5286292967277417 0.12769503600579693 0.30059747033924006 0.01967905807132694 0.02339913885589441 
0.4566165048972 0.1760127617953261 0.3110012385160682 0.02859729252795261 0.02777220226345299 
0.41144482625983025 0.2324263512434243 0.03518499952961151 0.28889655113503265 0.03204727183210131 
0.35289003222750437 0.3397249073404588 0.04852939562520045 0.22699224722201367 0.03186341758482281 
0.3071141615649978 0.30882265893507294 0.0804198040339714 0.2574573471011859 0.046186028364771876 
0.3307014636855466 0.3035768027721089 0.06531989839665453 0.26010104271992324 0.04030079242576674 
0.3666051035739522 0.27724400133840194 0.049437519546606724 0.27096227595787326 0.03575109958316593 
0.505060859164455 0.021795802512547542 0.2649851617733924 0.17876444325458574 0.029393733295019358 
0.39369413879820225 0.026568723714901224 0.3974523990804946 0.15146375454445832 0.030820983861943558 
0.4086380718958187 0.3303495124294794 0.029533549987241052 0.20028945517765467 0.031189410509806312 
0.494757187195777 0.02118638448380083 0.22766760964133428 0.22760802362518934 0.028780795053898665 
0.4146925891836606 0.2733793226612471 0.03255278985965028 0.24845400674857873 0.0309212915468633 
0.47800267756639814 0.013649116570666779 0.4795723749796017 0.016259876005248884 0.012515954878084597 
0.4631383841473416 0.017315491636725987 0.4699786160947378 0.03224196441961153 0.017325543701583106 
0.49262776230232225 0.022496533218190652 0.3632552051939617 0.092097760941968 0.0295227383435575 
0.5058348888261429 0.022254882664140396 0.30973307812832224 0.1324676452867064 0.029709505094687956 
0.441633499882948 0.021011014457609778 0.45598169017698764 0.058972594998600164 0.022401200483854408 
0.41341254618695755 0.02440111569257932 0.4355464721262313 0.09937089037021572 0.027268975624016152 
0.4330286332966811 0.013329039371274819 0.523824099887482 0.018829830123778955 0.01098839732078313 
0.41864162857521714 0.017213171187228014 0.5126670175471653 0.03603893669908915 0.01543924599130046 
0.6346390709303109 0.01587200839656561 0.16997638496315945 0.1537699520407023 0.02574258366926172 
0.6635312397033193 0.009880230802905274 0.07811731871465169 0.2300949103627711 0.01837630041635281 
0.6087739429365836 0.07606569223273482 0.2844430178340041 0.012857636328403733 0.017859710668273698 
0.6173971978928263 0.03834069580984286 0.32128728243690075 0.01083880738435888 0.012136016476071257 
0.564085874761323 0.040886590694759 0.36788205395652274 0.014638572746091535 0.012506907841303863 
0.6611537802136429 0.016269647714030857 0.18741047987988643 0.10817440440555381 0.026991687786885935 
0.4642586615590316 0.02008686336818466 0.4595022733018556 0.032280993163628 0.02387120860730018 
0.4599867176073256 0.022576991454931833 0.42908426247485393 0.05970648792125984 0.028645540541628916 
0.6577997784796438 0.02886154256302874 0.29105769445031965 0.002921226927407194 0.019359757579600723 
0.6306257153639999 0.023503306500680162 0.32034223395723804 0.004493346783224653 0.02103539739485736 
0.7332753166618258 0.021575933621129716 0.18733810046020716 0.01644545870502457 0.04136519055181276 
0.8382450683657702 0.017142113703451214 0.06492972443939744 0.01475363702179785 0.06492945646958326 
0.7177872214394594 0.041454110627843134 0.19556707965010464 0.004249883180350858 0.040941705102242015 
0.6918049139522713 0.034444432242672046 0.22076072887761178 0.006924234617063512 0.04606569031038142 
0.753198293833856 0.035791426918307404 0.13288953011980487 0.007382915289127595 0.0707378338389042 
0.737957331887906 0.04955399059515866 0.1359895904031032 0.005121119430678506 0.0713779676831536 
0.6944812241753882 0.028189261301588615 0.21939726506076412 0.011046343929092026 0.04688590553316715 
0.7858742814728739 0.02530726771979541 0.11632963384655429 0.010442210833090456 0.06204660612768593 
0.8027637121329351 0.024569641048230725 0.08120456555257795 0.010257801948765464 0.08120427931749084 
0.7699526544287577 0.03523420523802244 0.09376090523560791 0.007291578966976218 0.09376065613063576 
0.8197490417073693 0.01813125512840291 0.09680559652859633 0.015116955718023631 0.05019715091760793 
0.7442100642354683 0.05116057895106054 0.09967334760375947 0.005282817094004088 0.09967319211570758 
0.7170840181275405 0.04239229296638218 0.04090190095677707 0.004245749728277614 0.19537603822102262 
0.6913211952390892 0.035118727648505925 0.04603388244133665 0.006919447082594178 0.22060674758847404 
0.7529768394512335 0.03607542502877074 0.07071711579998642 0.007380736400288042 0.1328498833197214 
0.7375972867075287 0.050017211082141515 0.071343475610146 0.005118636907636826 0.13592338969254703 
0.6941309723722389 0.028681374919137942 0.04686225433988237 0.011040759580979368 0.2192846387877615 
0.7857282509439528 0.025488925077027814 0.06203519836453911 0.010440263690199543 0.11630736192428077 
0.8196425185459562 0.018259304615695086 0.050190755253501224 0.01511498303957861 0.09679243854526888 
0.5674543617208022 0.01658619576385596 0.4063706528309011 0.0016350394424370542 0.007953750242003593 
0.5478148385476773 0.013078286832074291 0.4285660490810677 0.0023060868421199304 0.008234738697060784 
0.5904390069135961 0.022475731536224505 0.35395378280377643 0.008010873178573352 0.02512060556782969 
0.546866291925032 0.023671854607086207 0.3826321731434453 0.015615192444066693 0.031214487880369908 
0.5021315502668617 0.01424912414728554 0.4624440793522502 0.007792810730335381 0.013382435503267233 
0.5239796444738296 0.012767706159219492 0.4492200890052899 0.003986638297023286 0.010045922064637636 
0.659627545076513 0.04372277692922477 0.27380230588489657 0.0023220598042813325 0.02052531230508439 
0.64775039449916 0.238166981138724 0.06668542111666231 0.001598689566999166 0.04579851367845445 
0.6876783717518214 0.16835784877498344 0.07091654988965314 0.002130542774933864 0.07091668680860819 
0.7125437413301591 0.06033557346335816 0.18362237400728154 0.0031343834696726915 0.04036392772952847 
0.7260453791099779 0.0756598757375874 0.09720511955583092 0.003884538221022715 0.09720508737558109 
0.7290257892421862 0.07099546692909259 0.12877797967107427 0.003661033066995237 0.0675397310906517 
0.7102668169566552 0.11343080069094563 0.08671214900377651 0.0028780075577498005 0.08671222579087284 
0.6961351247775845 0.11408179937220989 0.12115669105097486 0.002918701667823 0.06570768313140771 
0.666673822221953 0.10547512487997622 0.18091327273319957 0.0027599202956800324 0.04417785986919101 
0.677372745382598 0.16957942512048954 0.09516492350345425 0.0021655338040610615 0.05571737218939722 
0.6297944576551812 0.17437899559175357 0.15056126511901877 0.002296492526811393 0.04296878910723512 
0.6482414974352622 0.23911619432824746 0.0452201569974149 0.00157850516731624 0.06584364607175923 
0.7113323508988297 0.06193219960459465 0.04029553297537685 0.0031290736401492266 0.1833108428810497 
0.7283976493616257 0.07179539785617173 0.06748175944145453 0.0036578916649341294 0.128667301675814 
0.6965476058501057 0.11498380351500488 0.06525252899613941 0.0028984870848717398 0.12031757455387825 
0.6642842254770205 0.10868055340722124 0.044019643204034786 0.002750039955482687 0.18026553795624078 
0.6780663188447443 0.17061896810360502 0.05508631199947129 0.0021410110470729653 0.0940873900051064 
0.6318360573927925 0.17711921321330085 0.04191944215709674 0.002240414400473757 0.1468848728363362 
0.5583521430449064 0.052985242175740896 0.37437798877807804 0.0015992257722954718 0.012685400228979219 
0.5148940615151726 0.11329990580867431 0.3520035739663762 0.0018882454498758401 0.017914213259901043 
0.5734717208113206 0.026910734699856057 0.3888019845959595 0.0014715549539525534 0.009344004938911295 
0.6273689670504885 0.08000238365632867 0.26579481478304323 0.0022167959067882085 0.024617038603351377 
0.5537768234765797 0.16056689951171618 0.25273811102644944 0.0023182243344398684 0.0305999416508148 
0.5337429036936414 0.25571433875841143 0.179532300373697 0.0019424487554797175 0.02906800841877043 
0.4347276328976974 0.23247943794681697 0.3070772590189853 0.002163713883712725 0.02355195625278761 
0.6599959810720101 0.22372873568018373 0.05730299845827941 0.0016691455717173286 0.0573031392178094 
0.6118849062013917 0.25029440162614913 0.10081728704082735 0.0016835421831399024 0.03531986294849192 
0.613495007557562 0.25336531837290405 0.034120104979191 0.0016263596724992594 0.09739320941784352 
0.4866738091330281 0.010416138421994587 0.4866738091330281 0.0077247505758484825 0.008511492736100773 
0.4800517370454915 0.004154651656625856 0.5135512070208922 0.0006559913321636964 0.0015864129448268207 
0.46879557454078175 0.004124093237210885 0.5241453294519389 0.0009977550015717353 0.001937247768496769 
0.4938626811759365 0.0065946380693747185 0.49386268117593674 0.001795459891799216 0.0038845396869527093 
0.49138797946399554 0.007979790096828329 0.49138797946399554 0.003612281325865354 0.005631969649315285 
0.45945624899465176 0.005166535172534685 0.5304887906235008 0.0019848870125897733 0.002903538196722824 
0.45172170893618563 0.007117107663176138 0.5322125606149203 0.004291177804210235 0.004657444981507624 
0.31486383003275 0.0037273768409109165 0.6778401468010876 0.0018055078018667237 0.0017631385233847243 
0.32664663964649093 0.005162696088530008 0.6620221619845548 0.0033224878285410355 0.002846014451883258 
0.443559032062008 0.009887730274442768 0.5299930556726926 0.009213987065661716 0.007346194925194909 
0.31571187458060035 0.003141027840759093 0.6787757245297029 0.0011224162816340334 0.0012489567673036569 
0.4648051848913654 0.06036274917108492 0.4648051848913654 0.0021594383807588564 0.00786744266542557 
0.48408931637621605 0.025915518631579506 0.48408931637621605 0.001357715949288785 0.00454813266669959 
0.49161701723919604 0.011396280855649785 0.4934610368001482 0.0008732023448210186 0.0026524627601850195 
0.48939871179959693 0.0058962475430513845 0.5022707122367839 0.0006538200688763661 0.0017805083516914525 
0.4512976107934945 0.056108093185687144 0.4818428421390325 0.003535393230855983 0.007216060650930032 
0.45025003876616526 0.02552755044511857 0.5177086577627932 0.002300748635453333 0.0042130043904697176 
0.3729425280745122 0.028241206459956106 0.5897951065385727 0.004440785522093802 0.004580373404865075 
0.4266385413789611 0.011497895339343693 0.5579592123855766 0.0014856684783263814 0.0024186824177922367 
0.38478585174069835 0.00569060574016068 0.6069701900573274 0.0010470652247237696 0.001506287237089857 
0.34057425756582477 0.0035660856344538203 0.6537694293932532 0.0009222126207378858 0.0011680147857304072 
0.4952451779621648 0.006579929568052453 0.49399081090529884 0.0010654203245186733 0.00311866123996529 
0.4738262453637804 0.0785711514214147 0.43503681532088095 0.0016395734011890324 0.010926214492735054 
0.4252989185016249 0.16916704070104033 0.38690484993508695 0.0023509581802966676 0.016278232681951287 
0.4954528418616965 0.03429179835116473 0.4623390850981001 0.0011264626229999127 0.006789812066038828 
0.5006487701059023 0.015775941170034176 0.47836380442282556 0.0008839938440532317 0.004327490457184762 
0.49841089251221427 0.008780380488464527 0.4887451233070895 0.0008385453718798266 0.003225058320351935 
3.639237334641336e-05 2.2378596426065123e-05 0.00021170053565861197 0.4998647642472846 0.4998647642472844 
0.00032431597068771336 0.00020688781573734155 0.0015960481743110323 0.4989363740196319 0.4989363740196319 
0.0003461002435644771 0.00022089724539110767 0.0016941015862901496 0.4988694504623772 0.4988694504623772 
7.519799641193868e-05 4.489752047730111e-05 0.00044740240656798795 0.4997162510382714 0.4997162510382714 
9.866778823781182e-05 5.8919165337029023e-05 0.00057928735270981 0.49963156284685767 0.49963156284685767 
4.824318804698804e-05 2.963324029493482e-05 0.0002773919301962973 0.4998223658207309 0.4998223658207309 
3.27322020519476e-05 1.984765863020607e-05 0.00019532273961105588 0.49987604869985347 0.49987604869985347 
6.349510137144775e-05 3.897741987408087e-05 0.0003606866349386615 0.4997684204219079 0.4997684204219079 
4.6652386197076367e-05 2.8263464785219803e-05 0.00027476176804211265 0.49982516119048775 0.49982516119048775 
8.186486869117455e-05 5.0241968999706296e-05 0.0004594423347003393 0.4997042254138044 0.4997042254138044 
6.40592410335834e-05 3.879259523761344e-05 0.0003723467817114034 0.4997624006910087 0.4997624006910087 
0.00010273558472509113 6.30541858241791e-05 0.000569886640676722 0.4996321617943871 0.49963216179438696 
8.442587517526882e-05 5.112273563355631e-05 0.0004845087509526057 0.4996899713191193 0.4996899713191193 
0.00012524564563584975 7.68905383089562e-05 0.000687203950573951 0.4995553299327406 0.4995553299327406 
0.00010688265743813481 6.473418176175442e-05 0.0006060707694981043 0.499611156195651 0.499611156195651 
0.00014843735934407047 9.116638611755358e-05 0.000806355497573452 0.4994770203784825 0.4994770203784824 
7.147274014935657e-05 4.4439125200437893e-05 0.00039718717454510316 0.49974345048005253 0.49974345048005253 
8.867499036710257e-05 5.511741910432121e-05 0.0004871556730702448 0.4996845259587293 0.4996845259587291 
0.00010873234137349538 6.75831144229624e-05 0.0005906030305115666 0.499616540756846 0.499616540756846 
