0.027795487184914994 0.030258238584056005 0.8974623650237861 0.02798918166516601 0.01649472754207691 
0.9311647378342981 0.005828293658465964 0.004022183304800741 0.0052105665379827025 0.05377421866445245 
0.02508664030840963 0.030417018429690103 0.8909318263244834 0.03139568241954902 0.02216883251786781 
0.00241764236632601 0.9265738749010964 0.008933215447295037 0.008895595457858152 0.05317967182742445 
0.926151086631048 0.006616371723724002 0.004513494994599373 0.005941825986697548 0.0567772206639312 
0.9270441435658726 0.006538985581894773 0.003988776243095459 0.006092837849236555 0.056335256759900615 
0.0024807538983062693 0.9226176405984544 0.009830059153904946 0.00980990344948834 0.05526164289984595 
0.925729580968937 0.008551741836712987 0.0019192570997511804 0.008544408683006736 0.055255011411592114 
0.026018637461337833 0.033289249403991604 0.8695321943915191 0.038354916595165114 0.03280500214798639 
0.02780342019537748 0.0358012645348704 0.8594320171719649 0.04041271801573661 0.036550580082050685 
0.02831604742802026 0.030799943392811762 0.8962010333096179 0.028285555413830425 0.016397420455719788 
0.028855005998856494 0.03146361150592848 0.8947692700509762 0.028036258687791766 0.016875853756447103 
0.9370833163253754 0.006055494799837206 0.001681580229874438 0.005988948125011209 0.049190660519901605 
0.9368106306683811 0.005744147715129858 0.0015703834833406562 0.005742464171330811 0.050132373961817654 
0.0028498866680269656 0.9200877062607847 0.010535579496605555 0.010520603335352596 0.05600622423923013 
0.027670560185809386 0.034547779716581975 0.8651841241115129 0.03803025454123302 0.03456728144486266 
0.9372120983315375 0.0050925540528276 0.0030133741190968896 0.0046486799942554126 0.050033293502282576 
0.9398919135610138 0.004353402287487082 0.0026861712950410734 0.004182718973453107 0.048885793883004854 
0.9324719155085505 0.00628709697892887 0.002777369356475587 0.006141895039764778 0.05232172311628031 
0.028608049558973832 0.03155071906895881 0.8891540122585302 0.027977442106920224 0.022709777006616923 
0.005503374625091183 0.9223261964692606 0.009000772710836805 0.006838005209544468 0.056331650985267046 
0.006798540017191052 0.9142297294918366 0.010546122799199056 0.008175474969733395 0.06025013272203978 
0.007250992411926723 0.9100575947517088 0.011050378976275732 0.009291213258826035 0.06234982060126279 
0.0068537861921166236 0.9110752194259004 0.011406247219352947 0.010564370735113656 0.060100376427516214 
0.009252456949955969 0.8897539319250856 0.020782528316722573 0.020637084574506886 0.05957399823372892 
0.006101279829384776 0.9006216852239003 0.016796627330090744 0.016699205512404853 0.05978120210421942 
0.007958127856760004 0.8942027822298235 0.019226096078492398 0.019009915996518505 0.05960307783840548 
0.006426579621841879 0.9079115044274303 0.0146608300138387 0.014290532105173056 0.0567105538317162 
0.02711978988846966 0.02965434513669951 0.8968542889541481 0.026847429540163087 0.01952414648051981 
0.025480588826944723 0.02925474661290539 0.8989311151823339 0.02774967608852864 0.018583873289287223 
0.006579228753243057 0.9223069669083386 0.009385507545356915 0.0071706482759784735 0.054557648517082905 
0.005029025000551782 0.923137203049009 0.010100206199364645 0.009384719704700565 0.052348846046373985 
0.026572650617566022 0.029452741492850282 0.8968278110557969 0.02639146846930715 0.020755328364479565 
0.004648421377138315 0.9299323556833063 0.007958309078427926 0.006813759591562816 0.05064715426956459 
0.9429958694324472 0.004459923792306885 0.0018694582914047962 0.004318090577368863 0.04635665790647224 
0.9441412218125426 0.004146410296864325 0.00164392084719066 0.004117599919396743 0.045950847124005545 
0.0024181335106513006 0.9285604203149218 0.00836679320711981 0.00834313486624535 0.05231151810106175 
0.007956982232728171 0.9029881586042459 0.01560164540848235 0.015376581571872853 0.05807663218267071 
0.028251738989809167 0.03265771317932443 0.8829775223018496 0.030689924334680232 0.025423101194336627 
0.019946961525467606 0.8537374214010578 0.035329990426169536 0.03441521246795777 0.056570414179347245 
0.017571968163928472 0.8616782168499262 0.03145201339105223 0.030307415102311466 0.058990386492781655 
0.01612483197860014 0.8845644295212928 0.02440250826741141 0.02220933904568706 0.05269889118700859 
0.014005636708760854 0.9060380121363374 0.017797660659155473 0.014292830903671193 0.04786585959207504 
0.01222157640266478 0.013833469854842233 0.9102023126350792 0.015489183675860019 0.0482534574315538 
0.014252967944106916 0.01567075274562515 0.9037396045325806 0.016474566259091425 0.04986210851859576 
0.013421766822192783 0.014608167525855472 0.9045660449202578 0.01611963447981797 0.051284386251875765 
0.01621427927369893 0.01760915370859338 0.8976480294309268 0.01899111242695654 0.04953742515982425 
0.01669023825346111 0.018265362429663982 0.8900701592074974 0.01939998164340975 0.05557425846596773 
0.017919052783251295 0.8894250713779854 0.019796930912872553 0.01607026923224419 0.0567886756936464 
0.018197480236982377 0.8800939518121936 0.024051744469470865 0.02265086984398756 0.05500595363736552 
0.021005918316595703 0.8589847106690405 0.033306474831378365 0.03260095608213873 0.05410194010084679 
0.03256182747580014 0.852771062021453 0.042094680358574166 0.03954781878836502 0.03302461135580751 
0.028194817572926932 0.8569162972334228 0.03879832629108942 0.035538782008614 0.040551776893947025 
0.02655108499599459 0.8859236223029612 0.03082892907400524 0.024814065852124003 0.03188229777491492 
0.020899347984180687 0.02449690942802253 0.8992701245482825 0.025162101763287984 0.03017151627622635 
0.021875572486859236 0.02445537018394761 0.8980136086738019 0.023176639308598312 0.03247880934679306 
0.0225291014704341 0.024701926971817407 0.8965025501678472 0.023122542541915436 0.033143878847985864 
0.023418843725820447 0.02549697248076821 0.8959953705630979 0.02451608100569923 0.03057273222461427 
0.025774296403283402 0.02801839730501449 0.894145600469941 0.026724853319383676 0.025336852502377383 
0.0257662374689671 0.028106246519994466 0.8894170245499249 0.026205011218765163 0.030505480242348518 
0.025229817989633394 0.028124396265163807 0.8832968075657236 0.026228629075402018 0.0371203491040772 
0.02857532260510738 0.8784891879376844 0.02960522608262829 0.025259797456746693 0.038070465917833266 
0.02992161994346302 0.8599357613736816 0.03675588794820996 0.034858375239521656 0.03852835549512367 
0.024396540785345252 0.017822900999588456 0.4440136182755307 0.2569534689588735 0.2568134709806621 
0.009430967041810163 0.4821036446821179 0.23065461266933385 0.23065461266933385 0.04715616293740419 
0.01480567239697733 0.010606329414078441 0.513281811862929 0.23542767034217824 0.22587851598383707 
0.008498368488917824 0.3212539288159054 0.32279470995080295 0.32279470995080295 0.024658282793570914 
0.008876187008062706 0.48229357590323213 0.23091813262628666 0.23091813262628666 0.04699397183613198 
0.00970165179978298 0.4209933711453152 0.2645348894593228 0.2645348894593228 0.04023519813625627 
0.008182852085632665 0.27540407180548054 0.34785393414282223 0.34785393414282223 0.020705207823242255 
0.008621080025952254 0.24822458045027807 0.36261482191129446 0.36261482191129446 0.017924695701180736 
0.013461789186458685 0.009547708864703247 0.5296052451614112 0.2292232820251185 0.21816197476230842 
0.012493167322858295 0.008784110211580041 0.5226493278038724 0.2333120732468401 0.22276132141484906 
0.022271118854266067 0.01605659792465567 0.4604465011534693 0.25061289103380446 0.25061289103380446 
0.019900579589279765 0.014185035624713271 0.4709777158600753 0.24756143417122808 0.24737523475470355 
0.009203369743257955 0.35733442324815956 0.30188598657517235 0.30188598657517235 0.029690233858237734 
0.008595638106310671 0.2859637830258568 0.3409988654054211 0.3409988654054211 0.023442848056990154 
0.009168006720744235 0.245449302919396 0.3630388137451693 0.3630388137451693 0.019305062869521196 
0.012891008053606368 0.009045280843895224 0.5026537750723954 0.24163263177981037 0.23377730425029275 
0.00995548636672118 0.454230584458342 0.24609854077872592 0.24609854077872592 0.04361684761748494 
0.009231365893926298 0.42877844937133414 0.2602301489192707 0.2602301489192707 0.041529886896198 
0.010257645291888011 0.3348387044489275 0.3125738327409793 0.3125738327409793 0.029755984777226095 
0.017483245712401573 0.012376566305954064 0.4776797304721451 0.24689947495450928 0.24556098255498995 
0.011997762974168501 0.4215215767362461 0.2638568854300863 0.2638568854300863 0.03876688942941279 
0.010567573552434267 0.4327920363831587 0.25792397427116787 0.25792397427116787 0.04079244152207114 
0.011827990277106753 0.35071864279775883 0.3043085885482176 0.3043085885482176 0.028836189828699194 
0.012180156395650673 0.30423604680673705 0.33272969521894735 0.33270613320024034 0.01814796837842462 
0.00971505305136446 0.24343847545892977 0.3657234511523795 0.36564326516374135 0.015479755173585116 
0.009761994759074924 0.27154195795351704 0.3525935282147628 0.35231514351974863 0.013787375552896679 
0.008913869107087288 0.29428895914933145 0.3388480030894982 0.33877675509491945 0.019172413559163697 
0.009730620147358893 0.36143122796022936 0.3025546896984517 0.30240105366166165 0.023882408532298286 
0.02553741753404389 0.018718790494259112 0.4559790153816001 0.25030361932232376 0.24946115726777332 
0.017130872121908527 0.012420390359330317 0.47322625002451757 0.25171159336665 0.24551089412759347 
0.013650966319548513 0.3917671015700393 0.28127692997525683 0.2812006440121336 0.032104358123022 
0.010617664294829238 0.38786230175732184 0.2866592897759351 0.2865483242573258 0.028312419914587963 
0.022405275356160468 0.016396823612991163 0.45541727082109784 0.254368278092713 0.2514123521170375 
0.011676304792784675 0.39796692684744867 0.27899518917652444 0.2789074479307375 0.032454131252504716 
0.009788476736385294 0.40259141809254323 0.2752555885762608 0.2752555885762608 0.03710892801854996 
0.009452334546282325 0.3290302407413808 0.3155313160659458 0.3155313160659458 0.030454792580445242 
0.009776602364672966 0.26620484176617487 0.35073399494699153 0.35073399494699153 0.02255056597516889 
0.010629062221876744 0.2763135067094443 0.34802401907012376 0.3479269580364346 0.017106453962120644 
0.015091488618351107 0.010621392071870645 0.4921687976966145 0.24309965185718455 0.23901866975597916 
0.011634492431490707 0.008375014241578972 0.3910156545578584 0.29590048034659455 0.29307435842247725 
0.011477619926829021 0.37719374925690935 0.30017461702323406 0.29851870439579253 0.012635309397234958 
0.012364284918384481 0.39896371732251296 0.2869319893077435 0.28561489282869995 0.016125115622659246 
0.01302065022892596 0.3864267918906963 0.2905455919074568 0.2898553185370484 0.020151647435872656 
0.01540817517534047 0.3808218890236077 0.29233008099369434 0.2914883911933915 0.01995146361396605 
0.018868920967752882 0.37716027387458795 0.2933123035692306 0.2928441298846346 0.01781437170379387 
0.016706336149047794 0.3645812772718547 0.29715165025831936 0.29711539039327967 0.02444534592749845 
0.015722859486679203 0.36651173443001395 0.2971395120895757 0.2971395120895757 0.023486381904155605 
0.01553794976342376 0.34223571193379093 0.31377293885236046 0.31377293885236046 0.014680460598064448 
0.015027645546419364 0.010869044603869246 0.34574783436101725 0.3142093458776717 0.31414612961102245 
0.013059460896852896 0.3362569272824158 0.3207186883990356 0.32022719987036613 0.009737723551329491 
0.01121361829869912 0.32779719879622904 0.3263980817569177 0.3251439585341028 0.009447142614051397 
0.012616000776233259 0.008944208726553734 0.49683049496175735 0.2448214766444772 0.2367878188909785 
0.01335971508778991 0.009570094019424923 0.4810755842458653 0.25141039315202407 0.24458421349489576 
0.014301239776425076 0.010339768396108033 0.46157938617532057 0.25957317834534793 0.2542064273067985 
0.015364704730196493 0.01123160604405563 0.42328055709553236 0.2766147033660594 0.2735084287641561 
0.019385600613291372 0.014228041871137206 0.4213115767346757 0.2738211510624141 0.27125362971848155 
0.023487639227377892 0.017265421003214525 0.4266693034432335 0.266737176284521 0.26584046004165307 
0.02155491321330445 0.015877164525179788 0.39479059459436644 0.28393708740235324 0.2838402402647962 
0.020862979680202825 0.01518942244961584 0.4111653005522821 0.2763911486589496 0.2763911486589496 
0.01907665566836851 0.013711148006006816 0.42142891036397623 0.27290784392433953 0.2728754420373089 
0.01703493563922458 0.0121460159718426 0.4278643628299466 0.27174509444018075 0.2712095911188055 
0.014164109068681194 0.01003814500217721 0.4408359144702782 0.2689752477915277 0.26598658366733563 
0.012156112005877512 0.008600753652769112 0.45958162380822054 0.26284712899446516 0.25681438153866765 
0.024467433699539395 0.03487742608624816 0.5680311488048075 0.1863119957047025 0.1863119957047025 
0.009322580370674103 0.710886418935916 0.09205148074459667 0.09205148074459667 0.09568803920421674 
0.024072781565102893 0.017171231254568393 0.4687674899490169 0.24499424861565589 0.24499424861565589 
0.008887190498808033 0.49556622148766977 0.22275453147916865 0.22275453147916865 0.05003752505518484 
0.009582764732925004 0.708478531648428 0.09232550534211686 0.09232550534211686 0.09728769293441324 
0.011924528133376591 0.6659678543267616 0.11533051790125777 0.11533051790125777 0.09144658173734617 
0.008781321297198911 0.48166466844621697 0.23113560301041927 0.23113560301041927 0.04728280423574546 
0.008941940811208415 0.4771077015764587 0.23307454233240246 0.23307454233240246 0.047801272947527985 
0.021584003930928092 0.015407467171424645 0.4730150241757983 0.24499675236092447 0.24499675236092447 
0.020406806775279493 0.014279918908153706 0.479978054737968 0.24266760978929933 0.24266760978929933 
0.023188125465865538 0.03336992990046896 0.5872817855268136 0.1780800795534259 0.1780800795534259 
0.020760027928655944 0.03023915443034347 0.5930067612865055 0.17799702817724752 0.17799702817724752 
0.00931924780740501 0.511501516535107 0.21219637669166072 0.21219637669166072 0.05478648227416676 
0.008182362028327912 0.5364335067585047 0.19877859481842422 0.19877859481842422 0.05782694157631902 
0.00970619337188181 0.48790616163809153 0.22476113544862494 0.22476113544862494 0.052865374092776654 
0.02128273156352689 0.014222010724342938 0.5013820565782736 0.2315566005669282 0.2315566005669282 
0.009158991412906223 0.6826404365638513 0.1100476673715114 0.1100476673715114 0.08810523728021954 
0.008896429056039773 0.6866925991253972 0.1061346953522936 0.1061346953522936 0.09214158111397583 
0.013477454749126932 0.6018235979745857 0.15247938422186455 0.15247938422186455 0.07974017883255823 
0.018245910844350573 0.027008108260331214 0.5772030183799397 0.18877148125768925 0.18877148125768925 
0.012449646355057364 0.6669973287579952 0.11740997217899836 0.11740997217899836 0.08573308052895072 
0.014606495065254554 0.6443371924497354 0.12870375049221058 0.12870375049221058 0.08364881150058877 
0.01878480690076783 0.5707210339088525 0.1711745086767648 0.1711745086767648 0.06814514183684986 
0.018535156585179673 0.5228638601422332 0.19994699172974367 0.19994699172974367 0.05870699981309996 
0.012452580441640713 0.4323662258544554 0.2555118354070255 0.2555118354070255 0.04415752288985315 
0.011803866979390723 0.40944596731787586 0.27153421495562896 0.27153421495562896 0.03568173579147532 
0.01051877000577832 0.4374076748654637 0.2555540520572698 0.2555540520572698 0.040965451014218474 
0.011620408043655165 0.4423837198035341 0.2517819495792039 0.2517819495792039 0.04243197299440306 
0.02398213783330779 0.03434543318032425 0.5755122673941506 0.18308008079610869 0.18308008079610869 
0.02790363625129839 0.019062593673195002 0.5166544886835088 0.2181896406959989 0.2181896406959989 
0.015594609826006793 0.5964295076294139 0.1600883326761029 0.1600883326761029 0.06779921719237356 
0.012504543718053861 0.47210177653138125 0.23298065570954937 0.23298065570954937 0.04943236833146614 
0.021814599543055348 0.03186212716934011 0.5735414650053805 0.18639090414111195 0.18639090414111195 
0.014516384333458759 0.5232143824668487 0.20243303336273794 0.20243303336273794 0.0574031664742167 
0.009769103939372704 0.5855919293643065 0.1675358088013168 0.1675358088013168 0.06956734909368718 
0.008353993687347247 0.613451546553505 0.15143415774936977 0.15143415774936977 0.07532614426040832 
0.01091428364377004 0.5581207925142171 0.18106214641362367 0.18106214641362367 0.06884063101476573 
0.015367660939476129 0.48531819469529996 0.2233259206945737 0.2233259206945737 0.05266230297607645 
0.01585849352309188 0.024083152005803 0.5509062017787276 0.2045760763461887 0.2045760763461887 
0.016955403595934018 0.38877643437763015 0.2891762685462537 0.2891762685462537 0.015915624933928115 
0.01586016061439127 0.38637230879667506 0.2869436434154374 0.2869436434154374 0.0238802437580589 
0.017384738503145376 0.4026917519399709 0.27596179990696523 0.27596179990696523 0.027999909742953428 
0.018113710294926023 0.4396374114049773 0.2528887980185413 0.2528887980185413 0.03647128226301416 
0.022023949045429866 0.5039361173118768 0.21744087734341938 0.21744087734341938 0.03915817895585446 
0.0265615982865713 0.5371355126433327 0.19939262475880928 0.19939262475880928 0.03751763955247757 
0.021842621370128885 0.5708003183113081 0.1747302904862341 0.1747302904862341 0.05789647934609493 
0.0253366163480491 0.5426230133607864 0.19200642908240556 0.19200642908240556 0.04802751212635343 
0.026805347474228493 0.5241096237821852 0.20639713248354707 0.20639713248354707 0.03629076377649217 
0.024123900614123832 0.5139111315674079 0.2131890217569113 0.2131890217569113 0.03558692430464578 
0.02086530002922525 0.4717503750373272 0.2399218054924823 0.2399218054924823 0.027540713948483047 
0.01603805430552276 0.3999257048749905 0.27873737569219664 0.27873737569219664 0.026561489435093465 
0.019929390278176903 0.014178131529920656 0.44893578135198814 0.2584783484199571 0.2584783484199571 
0.020678588021436944 0.014931672129879173 0.43051582485174134 0.26693695749847124 0.26693695749847124 
0.021801719959410864 0.015809380968248854 0.4215960829203197 0.2703964080760103 0.2703964080760103 
0.02423178098213151 0.4605097121005614 0.2487759084738524 0.2487759084738524 0.0177066899696023 
0.02060261173912408 0.02999149149555794 0.5379678283143375 0.20571903422549026 0.20571903422549026 
0.023513656863697645 0.03345146786850442 0.5500384994454074 0.19649818791119533 0.19649818791119533 
0.03150221950110068 0.5391889710126652 0.20112959008151862 0.20112959008151862 0.027049629323196763 
0.02268589306932908 0.0323565944120016 0.5518291619633087 0.19656417527768028 0.19656417527768028 
0.02085667282582901 0.03005996883415999 0.5600863431695323 0.19449850758523934 0.19449850758523934 
0.01825821903238503 0.02674790670778045 0.5481374516777979 0.2034282112910183 0.2034282112910183 
0.015484282448507358 0.02347238247994679 0.5211115902746057 0.21996587239847004 0.21996587239847004 
0.01968973818270839 0.013625138449451754 0.4488355628733385 0.25892478024725074 0.25892478024725074 
0.03297595436760861 0.041576369473588254 0.8171889343657184 0.06384793069411453 0.044410811098970084 
0.917919446587198 0.014775302705821503 0.01222659827877333 0.0029369473784358396 0.052141705049771184 
0.0365369034460261 0.026055209664009194 0.7372043197672276 0.10913658099460088 0.09106698612813603 
0.017986426592761826 0.635563448713976 0.13871198220119116 0.123566076186618 0.08417206630545285 
0.9175521471946761 0.014285671139157685 0.011965586462190123 0.0029036072256342065 0.05329298797834191 
0.9032050827525102 0.01984320923346259 0.016928003299323535 0.003441376085840661 0.056582328628863046 
0.014857780192846984 0.6665795247428712 0.12146760479342943 0.10831559106213211 0.08877949920872034 
0.016202359686517023 0.6644752402079427 0.12427337511061373 0.11067852145141953 0.08437050354350698 
0.03514799194167466 0.02605996760216315 0.7279835334514758 0.1133705485575177 0.09743795844716877 
0.03498186530077194 0.025933835516916054 0.7277510977656992 0.1132783113171147 0.09805489009949811 
0.03336922049236975 0.042108409585320646 0.8087119645560027 0.06681973801871421 0.048990667347592824 
0.03357700818855061 0.04249699261303741 0.7974982301938189 0.07180208324407317 0.05462568576052007 
0.014848599683237979 0.6803110460302723 0.11648956938538892 0.10376223966328321 0.0845885452378177 
0.01110787875393831 0.7244738862338459 0.0934448259573284 0.08333536433924554 0.08763804471564177 
0.013724871833864415 0.7136730094101407 0.10154738662489692 0.0903689370803732 0.08068579505072478 
0.03592768476583134 0.025756144969093016 0.7095018578662823 0.12274851995489677 0.10606579244389655 
0.8914352189168993 0.025529565418689008 0.02194419414455741 0.003480650685754983 0.05761037083409932 
0.8810314445211279 0.02822082404905454 0.024570680103873383 0.0038699693786165795 0.06230708194732763 
0.005201846111815857 0.8690693402181984 0.03412301736324884 0.029738707973796547 0.06186708833294035 
0.03125761821148595 0.039994852272286635 0.769431129007283 0.08736139591417355 0.07195500459477093 
0.006812482187109782 0.9038743325469466 0.020668968910599043 0.016360167078897307 0.05228404927644739 
0.006998755451336336 0.9012088374864685 0.021294485616332657 0.017728001789453846 0.05276991965640868 
0.007999037788721733 0.8822003387368705 0.028992840791999226 0.025010952186343048 0.055796830496065486 
0.009412365373707043 0.8519797663226285 0.0433200988644613 0.037749296757940934 0.05753847268126215 
0.017548237813092196 0.7034063568162586 0.11189211514061893 0.09907149313204494 0.06808179709798531 
0.023416716276076145 0.6315491769650806 0.1500396680517472 0.13272798774377098 0.062266450963325164 
0.022777840044275337 0.6115939606748593 0.15600674062166175 0.13847183331285876 0.07114962534634492 
0.022833401082645095 0.6188116560861203 0.1517607368690034 0.13472526707841528 0.07186893888381603 
0.03205676700869599 0.04047639692922017 0.8255721721558694 0.06206312722914664 0.03983153667706769 
0.02816584367017128 0.03789910992290792 0.7640666123329309 0.09562202141791422 0.07424641265607552 
0.007643603926901981 0.8815998330406312 0.03054098250147584 0.025216665161451435 0.05499891536953956 
0.017580341446591725 0.6897016685455718 0.11650856389715854 0.10332072253330792 0.0728887035773701 
0.0304743321701706 0.03899426746660377 0.8170425377270268 0.06879960000807632 0.04468926262812246 
0.012663108213463826 0.7946023128653245 0.06923555158100742 0.0604023672758298 0.06309666006437459 
0.008330307556802814 0.7960299540680559 0.06480231344519322 0.05736938619421705 0.0734680387357312 
0.0072475114752098444 0.802905247001164 0.05970013266154216 0.053029266823784726 0.07711784203829933 
0.008759559153557714 0.8040839583330482 0.06153055572785034 0.05447437815469457 0.07115154863084915 
0.014250330498395537 0.7792485562531326 0.07777219031941354 0.06840580348366807 0.060323119445390226 
0.028525949136537308 0.0382912034878512 0.7208946084837135 0.11452564978192491 0.09776258910997322 
0.03276537765410505 0.633267561271413 0.16418051313988122 0.1435956804228193 0.026190867511781343 
0.0323050784256037 0.6123520380912899 0.17079109564238285 0.14979405875165644 0.03475772908906701 
0.03208476589792507 0.6178782268807839 0.16354294669809205 0.1432038286219593 0.04329023190123973 
0.026037822020651056 0.6749520599821902 0.13005170254504683 0.11363042631422988 0.05532798913788197 
0.02193428824100664 0.7926733242688937 0.07426762114784348 0.06115506561095238 0.04996970073130402 
0.018681887537986937 0.8599805073630292 0.0423754030992729 0.031288598525893066 0.04767360347381788 
0.01853829624601429 0.8706801237721901 0.03616739363155957 0.027018509581699195 0.04759567676853679 
0.02150720873987689 0.8550769966290718 0.042114308293337704 0.03396001791004113 0.04734146842767246 
0.021660561926183715 0.8418252897530057 0.048846227577682914 0.04120733462718055 0.04646058611594704 
0.018233594902662405 0.8243721040994764 0.05695660758039189 0.04951554640044534 0.050922147017023994 
0.023822542530799736 0.760637197974122 0.09125847601001037 0.07954791591129226 0.044733867573775614 
0.027624846504847655 0.6738475676422916 0.1370559040088295 0.1200610602866959 0.04141062155733535 
0.03511256436247327 0.026078142252029136 0.6919126696039909 0.13224530290360242 0.11465132087790428 
0.0353429615237357 0.02631775169090806 0.6826228299963598 0.13720376741502033 0.1185126893739761 
0.0366858047386007 0.02631578175972483 0.6920670053253039 0.1325068713061029 0.11242453687026777 
0.034595712696397274 0.7224912838380239 0.11610257617953629 0.0963446759655896 0.03046575132045301 
0.03331673492897051 0.8109860670611575 0.07292321887533382 0.05275782462503096 0.030016154509507183 
0.03323378300009421 0.8425114788754479 0.056104890688707394 0.0369782299082927 0.03117161752745782 
0.034770823154071547 0.837042958408907 0.056275784101499624 0.040051401150675556 0.031859033184846335 
0.036007701285813015 0.8251515694363 0.061075293565755875 0.04691858166268012 0.030846854049451023 
0.03035796590568739 0.03828135971650955 0.8049796693182183 0.07029877388288741 0.056082231176697514 
0.032401857110171316 0.7844517365544682 0.08087228262665039 0.06873925445040258 0.03353486925830752 
0.02706538100336307 0.03576122491786677 0.7234211712959212 0.1149453186326491 0.09880690415019994 
0.02525034917223109 0.03548086775059974 0.6793841575518643 0.1392393907824246 0.12064523474288023 
0.01578371913477068 0.013220230236598508 0.3667588169076996 0.3477642925194192 0.2564729412015119 
0.006873527020686448 0.17787405740757534 0.435339260128257 0.3719752188915976 0.007937936551883452 
0.007798810601306237 0.004939138010114146 0.4746009977774874 0.37413320253103327 0.13852785108005902 
0.0034000020427828784 0.001987496546988794 0.1923714655573002 0.5145547616542236 0.2876862741987045 
0.006138005434167641 0.1719472581969929 0.43672128274259053 0.3777875366951837 0.007405916931065264 
0.005756612035025529 0.1548856785022369 0.45379062155653765 0.3796806950408923 0.005886392865307502 
0.0029156133545656915 0.16972601141265597 0.535515879793627 0.29013091647831685 0.0017115789608345402 
0.0026509303308095205 0.14576759922062424 0.5518824244347567 0.29806594982922063 0.0016330961845888534 
0.0068980366955861344 0.00440977171697552 0.4053709626152903 0.4126482992047201 0.17067292976742787 
0.00791307782415399 0.005319518853518343 0.33834176992681647 0.43655418857587347 0.21187144481963766 
0.01544456973544111 0.013067529601617956 0.3348160256672567 0.364300520107016 0.2723713548886683 
0.014899636032595332 0.012470366049946122 0.31454833147422473 0.37930189049242297 0.27877977595081094 
0.004171002278717747 0.0025778716034906214 0.20208056559227466 0.4933361831018896 0.29783437742362756 
0.0032103096260045496 0.15622197939062332 0.5301105977723045 0.308330939128391 0.0021261740826765646 
0.0027136199307212583 0.13416414462264634 0.5536997350713734 0.3077138298240578 0.0017086705512012993 
0.009600958421303245 0.006751361298001283 0.3104647946155529 0.43364821482838356 0.2395346708367593 
0.006755235017673816 0.19477156012524535 0.4359010669294885 0.3556524791400313 0.006919658787561165 
0.0053557654591696756 0.17342689351732057 0.44987762279813476 0.36545199401354733 0.005887724211827565 
0.00454247886300102 0.1447259586042451 0.48126406980040887 0.36515372154559034 0.004313771186754621 
0.013615835420382081 0.010954569093532311 0.29554207811937205 0.3992121269017179 0.2806753904649956 
0.008072246146756888 0.19469144570845015 0.4347707684710698 0.3553062751169268 0.007159264556796403 
0.007832827326085982 0.17858390084282738 0.438280064038295 0.36844594220715987 0.0068572655856318126 
0.007834571538361833 0.0060365875146905735 0.17364112380801688 0.4524457223554034 0.36004199478352744 
0.005724899240131342 0.0041988990389663335 0.15443506462562506 0.47762608788535976 0.3580150492099174 
0.0031612792871752995 0.002029235621818845 0.14536145013153887 0.542348994181217 0.30709904077825007 
0.002744354722414053 0.0015995878461004171 0.15725291493675161 0.5472653050032822 0.29113783749145183 
0.0033325323954509147 0.0019505394173918338 0.2037109844939652 0.5165791502759822 0.2744267934172098 
0.0040877713912996555 0.0024357211442261207 0.23818508638596886 0.48748415832770825 0.267807262750797 
0.015373920048830826 0.01236576999896494 0.40520398760776605 0.3372726083535172 0.22978371399092112 
0.010091363062183816 0.0067434362308964975 0.49275967609401367 0.3476530732305999 0.14275245138230605 
0.008806255583557545 0.006481942681992479 0.24938925778149007 0.4239909578407583 0.3113315861122015 
0.005327593600830447 0.003332450554308321 0.2672396109151321 0.4567720847064264 0.26732826022330286 
0.013409770721859277 0.009905322078246246 0.46056479656273613 0.33347980763591417 0.18264030300124415 
0.00727659610884298 0.0048983403683515985 0.28613935419673586 0.42772475294032125 0.2739609563857484 
0.005973562320882921 0.22022442384319338 0.4518962856973707 0.31758066834495324 0.004325059793599764 
0.004351493590261317 0.16630536634417717 0.48834496735962907 0.33733350584851074 0.0036646668574218137 
0.0034908942155830913 0.13507466039094917 0.5246176204803156 0.33416097992420535 0.002655844988946986 
0.004263566046805773 0.002971956281083046 0.1469306637341867 0.5120834939346413 0.3337503200032833 
0.011700196776417529 0.00876691721217209 0.29816053641792245 0.41712670454155376 0.2642456450519343 
0.0038221796479262758 0.0024141203513461953 0.20902476863506786 0.5155519163559691 0.26918701500969067 
0.004564658647496031 0.002806231478728594 0.27850265479731146 0.47552064507691744 0.23860580999954653 
0.005356702575876341 0.00328039196853931 0.32944649626867745 0.4419800610063602 0.21993634818054675 
0.006888616866174441 0.004408241391166357 0.3590061587290145 0.41362042101013075 0.21607656200351394 
0.009387618936591364 0.006538123178224244 0.35385174829126476 0.3941193990557254 0.2361031105381942 
0.011670823593847397 0.008785447742179755 0.32607688072426017 0.388610395628559 0.26485645231115373 
0.011467677534431706 0.009043661760446598 0.26140438643577424 0.4065477062491672 0.31153656802018037 
0.011515991598616255 0.009304783003659342 0.23960144056144295 0.4148288264929989 0.32474895834328255 
0.011329059634645734 0.009039189874246399 0.2365490452387213 0.42492959503265204 0.3181531102197345 
0.008688345241733054 0.006525306370633047 0.20768233030210434 0.45466133591215635 0.3224426821733731 
0.006585243302823508 0.004699750559620277 0.20185376596303684 0.4813691943255312 0.30549204584898826 
0.004864822191972129 0.0033031195967042 0.20218935106769134 0.5065605466241525 0.28308216051947976 
0.006025272215786635 0.003944537710706679 0.3062257555270292 0.46039606944221956 0.2234083651042578 
0.005932220329564723 0.0037216391865529217 0.3722129956705988 0.4291772219484415 0.18895592286484203 
0.00671764833822261 0.004202875509069497 0.42482221814390747 0.3990724582071948 0.16518479980160564 
0.008589072948744766 0.0056040662460503975 0.45037190383505166 0.372290234867869 0.16314472210228406 
0.011690050180661066 0.008329481560915963 0.4348550438759305 0.35426384215278167 0.1908615822297108 
0.01395255225067078 0.010830797600815434 0.3855405614843566 0.35453025121484866 0.23514583744930842 
0.014665248850736912 0.01200814297985294 0.3420781782115411 0.3634658184991906 0.2677826114586785 
0.014482790937177482 0.01207605480784536 0.3123871115111366 0.37716431183171123 0.2838897309121296 
0.01403243567963951 0.011564758661263679 0.2955438520841384 0.3917675797378453 0.287091373837113 
0.011883466309029034 0.009228458236073017 0.2685507937839978 0.4200901394058021 0.2902471422650981 
0.00972859470393477 0.0070702052212614315 0.2700607415514168 0.440263900456551 0.27287655806683614 
0.007659067373568752 0.005292001287941559 0.27804450548407345 0.45925913296516263 0.2497452928892536 
0.028410566973683965 0.030920116792897002 0.8947677246386222 0.029973687584058384 0.015927904010738545 
0.9328935615726509 0.006419934708700965 0.004894492610799872 0.0046829452657630635 0.05110906584208524 
0.028811448481434097 0.03621575653661512 0.8649299126444147 0.047062671211616 0.022980211125920125 
0.0028050398888888675 0.9343772451935305 0.011394345200561392 0.009374761972358843 0.0420486077446604 
0.9278063485250206 0.0072341070457590285 0.005493627632238621 0.0053257340407516654 0.05414018275622992 
0.9300046949326122 0.007630208597708789 0.005921642601264525 0.004731539984146216 0.051711913884268504 
0.0027875614917429047 0.9302621577142827 0.012464586449987292 0.01032835445310799 0.04415733989087929 
0.9338663035178295 0.01104298182134459 0.009103566052739228 0.002168688848406642 0.04381845975968003 
0.030712916361686063 0.038932375796376664 0.8453290578382909 0.054083212094010465 0.030942437909635977 
0.03279612719502633 0.04149845059073604 0.8363362531543906 0.056022755372721555 0.033346413687125535 
0.028773004221230455 0.03133969090833504 0.8942158820100798 0.029721119378985205 0.015950303481369575 
0.029646055655773388 0.032553233298414856 0.8911185703818941 0.0307612558170214 0.01592088484689638 
0.9442201589426209 0.008269262702057469 0.006610091407259524 0.0018948150077447248 0.03900567194031742 
0.944368425545474 0.007840850600592293 0.006372161626792027 0.0017833631327129997 0.03963519909442884 
0.0031822893155267506 0.929176484318851 0.01292073174024308 0.010743738151757744 0.043976756473621356 
0.03191195254465589 0.03977071249265285 0.8456798074482195 0.05115604126709887 0.03148148624737302 
0.9399131333586045 0.0064371933612756916 0.004923046818347704 0.003489183522681272 0.04523744293909079 
0.9431514977594208 0.005356112817449977 0.004284900360740031 0.003131398664014995 0.04407609039837425 
0.9375967453901662 0.007867838410955603 0.006330995923491521 0.003227125322538214 0.04497729495284854 
0.030045186514313812 0.03377447518994071 0.8823765922961829 0.03322733019591622 0.02057641580364636 
0.923870842165663 0.009928316668408049 0.006583759700902299 0.006166289797614702 0.05345079166741188 
0.9153257832890691 0.011202479614602592 0.00739594263814248 0.007622693685959284 0.05845310077222649 
0.007989808664609365 0.9122556291170745 0.012478066936599553 0.008600347229130511 0.058676148052586134 
0.007996747786161959 0.9147938302922649 0.013871741209497876 0.010272527153731288 0.05306515355834403 
0.01048397816278031 0.8979010019725883 0.024306567698235408 0.019937306679434896 0.04737114548696105 
0.006796033121709167 0.909295353642947 0.01991991932431744 0.01653048230069951 0.04745821161032702 
0.009000749431448716 0.9020393088649886 0.022784499088377812 0.018701830951961193 0.047473611663223475 
0.007568334762759299 0.9146630967914289 0.018290986331277514 0.014461869964827645 0.04501571214970665 
0.02834980501848507 0.0311678449728515 0.8914195840222352 0.03119256801700766 0.017870197969420607 
0.028279107011980015 0.034327701532752865 0.8784832521798985 0.04083792484721539 0.018072014428153267 
0.007570458060178029 0.9234292441459554 0.012072094733653208 0.007850632508239483 0.049077570551973856 
0.00630382087902629 0.9263950278376932 0.014203781284069291 0.010337953832031998 0.042759416167179154 
0.028586905046756362 0.03266410172252606 0.8862191677207178 0.03480748035166328 0.017722345158336386 
0.00589277086198493 0.9307978593291784 0.011737212539635259 0.008072566960084742 0.04349959030911679 
0.947507690084686 0.006396092768367972 0.004991767001020755 0.002161145656850003 0.038943304489075216 
0.9500875616978428 0.005718141276434082 0.004602803592497919 0.0018826254219377217 0.03770886801128755 
0.002805545006312705 0.9362355930427415 0.010403744311223427 0.008589720935889205 0.041965396703833015 
0.009312954350363264 0.9089085029456527 0.018844906009676886 0.015019352016911625 0.047914284677395676 
0.030975539283605847 0.03679909830805342 0.8703137247496482 0.040413345570219764 0.0214982920884728 
0.022734205137341475 0.8570528144622885 0.04226827461034251 0.032549211330916004 0.04539549445911137 
0.020247439556496723 0.8650293549577114 0.038173901611856895 0.029147134668924973 0.047402169205009885 
0.019218109303843087 0.8824240953301687 0.03274628682039968 0.02238512225223925 0.04322638629334925 
0.017239291935403498 0.8994096154284423 0.026611757104205765 0.01607716262913087 0.04066217290281748 
0.013922416588933584 0.016635705226672123 0.9049802362130426 0.022606667113303607 0.041854974858048274 
0.015587375293321644 0.017677558980902047 0.9010380631060623 0.021361774055377168 0.04433522856433692 
0.01414074528139692 0.015528172635888175 0.9039430372651991 0.018480856788176136 0.04790718802933969 
0.016615843492064478 0.0181174339195392 0.8969600714507051 0.02017817433137881 0.048128476806312256 
0.0174832458390306 0.019490406341548597 0.8884832772511918 0.021713513290592443 0.05282955727763652 
0.017358354662871566 0.020225236881403236 0.8872956961654264 0.024251277383122594 0.050869434907176284 
0.021256295465607908 0.8806686408863366 0.030261255119177533 0.0214301279425469 0.046383680586330966 
0.024265346619350456 0.8605690582809402 0.040502831032208364 0.03065973067597884 0.04400303339152204 
0.029906995234020083 0.037695065020725047 0.8407344954189405 0.05511784332513151 0.03654560100118283 
0.03288191003158466 0.8489691074257028 0.051171462425990924 0.03383112935685365 0.03314639075986818 
0.031800533499660305 0.8709040644613565 0.045083213970267565 0.025298542321615373 0.02691364574710036 
0.02385109878473267 0.029470291312393548 0.882709110482541 0.03810962906834634 0.02585987035198655 
0.024022801701578514 0.028109394204315002 0.8876114979115415 0.03234298863181374 0.0279133175507514 
0.023978085140757683 0.02669884446392511 0.8911139921702167 0.028367981470852007 0.02984109675424847 
0.024178424155926394 0.02636753744668893 0.8932705859511005 0.026967514172255735 0.02921593827402833 
0.026202678137812956 0.028510990885225757 0.8924241251040437 0.028041111522392966 0.024821094350524573 
0.02653964190205073 0.029220553808600478 0.8863321663941947 0.028747541949017043 0.029160095946137082 
0.026940326056156514 0.030851021979501077 0.8766225874985833 0.03213817930941625 0.03344788515634275 
0.027118986967082193 0.032808999620878236 0.868953225313913 0.038938603242096644 0.03218018485602991 
0.03484350180546262 0.8533145419401861 0.047870979421044096 0.03226129066825383 0.03170968616505322 
0.03209351411037984 0.024533233924044825 0.4216918416173494 0.2830230528536503 0.23865835749457567 
0.013643018873483558 0.3942485681419771 0.2965758599559234 0.25629420531395924 0.039238347714656896 
0.023901485398866815 0.018900220147726386 0.3849649206166007 0.3237506024972031 0.24848277133960286 
0.009035863789090201 0.21500115788543347 0.41203562625798573 0.34767630668830185 0.016251045379188866 
0.013048599922214096 0.39645195283272877 0.2956237815191029 0.255417729191883 0.03945793653407142 
0.014182250180930169 0.3491630344024421 0.32295810128551505 0.2795910860891432 0.034105528041969445 
0.008277408045099428 0.19052470740068939 0.4250179850196428 0.36223075647974434 0.013949143054824163 
0.008953111355471345 0.17745627982721843 0.4340306609171839 0.3670769396335768 0.012483008266549463 
0.022646030058504473 0.01797965211535236 0.3826376705606829 0.32809804440464485 0.24863860286081554 
0.021543816306623866 0.01710703972815099 0.3719697500591769 0.33538023902847525 0.253999154877573 
0.02934768200134337 0.022179935559766894 0.44161801369527875 0.27519749123597903 0.23165687750763184 
0.02694585884963111 0.020199959882329633 0.44280046513143506 0.27813352082483517 0.2319201953117689 
0.011072805461642674 0.2538848917207588 0.3879242741031597 0.3256178160604861 0.021500212653952615 
0.0093211978486007 0.2062992462571668 0.414887117755296 0.35253594161686835 0.01695649652206813 
0.010450297784407068 0.1860253085286208 0.4277625708592949 0.3609306076533175 0.01483121517435948 
0.021583608976211293 0.016884738391811833 0.3736758356408874 0.3319265973868939 0.25592921960419557 
